0
0.3079241133783089 0.23349169842207457
0.4616162046064087 0.3091863960655773
Inverse Propensity Score Weight STD and Mean 5.402350311726262 0.47957147775292924
Optimal Policy Value: 0.5631835848604706
3000.0
1.0
Epoch 200, Loss 0.054413
Epoch 400, Loss 0.052629
Epoch 600, Loss 0.050569
Epoch 800, Loss 0.047952
Epoch 1000, Loss 0.046458
Epoch 1200, Loss 0.045658
Epoch 1400, Loss 0.045134
Epoch 1600, Loss 0.044800
Epoch 1800, Loss 0.044638
Epoch 2000, Loss 0.044586
Weight Look
[1.12819088 0.9968426  1.0913977  1.01586576 1.02646622 0.99520986
 1.11024899 1.09699922 0.84702859 1.4106759 ]
[0.71506438 0.29171732 0.59584412 1.0371973  0.70432851 0.26370921
 0.88290295 0.88105005 0.05752148 0.03445965]
[1. 1. 1. 1. 1. 1. 1. 1. 1. 1.]
[0.73132455 0.47910371 0.66213512 0.51796436 0.5361644  0.47652292
 0.70146871 0.67477489 0.15882972 1.16719437]
[0.55589599 0.26924155 0.86406198 0.26055287 0.81373645 0.46015097
 0.44722388 0.81414068 0.26300929 1.1344536 ]
0.21111583014442697
0.07204469714105266
0.3484938680356223
DM Search Optimized Policy Value: 0.5422650643122885
[[2.04784453 1.72184618]
 [0.41447081 0.41419316]
 [0.2369406  0.23666856]
 [0.33133713 0.32678685]
 [1.5645045  1.37724137]
 [1.30683783 1.1973513 ]
 [0.55760063 0.51902098]
 [0.24320922 0.24234018]
 [0.63874307 0.63619562]
 [0.42588695 0.41250648]
 [0.51777694 0.51526754]
 [0.59610705 0.58241657]
 [0.57204852 0.54686727]
 [0.28725307 0.28514172]
 [0.54528211 0.53275602]
 [0.33614096 0.33546449]
 [0.98222901 0.91519575]
 [0.84647637 0.8017526 ]
 [0.37922596 0.37215094]
 [0.39170273 0.39165088]
 [0.74996178 0.73525171]
 [1.60610841 1.40207814]
 [0.852348   0.80830704]
 [0.50969353 0.50190297]
 [0.49058046 0.46966433]
 [0.31224566 0.3074429 ]
 [0.43690532 0.43595808]
 [0.55639091 0.55491731]
 [1.22933576 1.12538465]
 [0.50852958 0.49154852]
 [0.24070689 0.23988727]
 [0.41237853 0.40753051]
 [0.30216868 0.29559706]
 [0.41356013 0.40834672]
 [0.5967999  0.59163284]
 [0.34082593 0.34078368]
 [0.64228069 0.60720734]
 [0.83961778 0.7958106 ]
 [0.77402101 0.76124358]
 [0.85331834 0.77905022]
 [0.44341464 0.44189563]
 [0.64341756 0.63412052]
 [0.56149675 0.55994698]
 [0.70226594 0.64816895]
 [0.72365792 0.71484856]
 [0.54100997 0.5127577 ]
 [0.67612605 0.66616588]
 [0.29603654 0.29526584]
 [0.53910569 0.51811649]
 [0.76943701 0.74140371]
 [0.49116734 0.48938117]
 [0.55845764 0.53704661]
 [0.72457124 0.70515001]
 [0.45944572 0.42748713]
 [0.21385043 0.21140637]
 [1.30925227 1.08945158]
 [0.40301326 0.39052011]
 [0.47634863 0.46073174]
 [0.34683937 0.33041645]
 [0.60945109 0.60469491]
 [0.4658624  0.45244935]
 [0.26901333 0.26858678]
 [0.29328123 0.29121592]
 [1.00288834 0.57186724]
 [0.59949783 0.58360854]
 [0.40569536 0.3914318 ]
 [1.12471274 1.03240722]
 [0.52287164 0.4893766 ]
 [0.59655019 0.58561185]
 [0.4997746  0.49404279]
 [0.35255475 0.35004641]
 [0.30078118 0.29480529]
 [0.50715937 0.49048517]
 [0.56522599 0.56192742]
 [0.26454492 0.26438397]
 [0.34856624 0.34589905]
 [0.48084373 0.45822712]
 [0.63251065 0.61224434]
 [0.62433644 0.60871136]
 [0.60136503 0.58165042]
 [0.5196147  0.49761305]
 [0.43199292 0.43151381]
 [0.74262057 0.71872251]
 [1.03932988 0.93763358]
 [0.28127003 0.28007364]
 [0.2178757  0.21321419]
 [0.32864837 0.32486088]
 [0.39247882 0.39245312]
 [0.37764261 0.37650501]
 [0.34571434 0.34569706]
 [0.41693878 0.41688146]
 [0.39518319 0.38541228]
 [0.34859672 0.34849203]
 [1.22037208 1.13491444]
 [1.13031983 1.0555878 ]
 [0.46110641 0.45364778]
 [0.40211716 0.39575659]
 [0.47168513 0.46109438]
 [1.45151749 1.28986321]
 [0.36242472 0.36089924]
 [0.45521108 0.44644071]
 [0.52085602 0.51228489]
 [0.67006953 0.66590435]
 [0.49572568 0.48093193]
 [0.29146544 0.28659278]
 [0.92996516 0.89573916]
 [0.74250034 0.72199623]
 [0.61515276 0.54410723]
 [0.43620803 0.41588656]
 [0.36968739 0.36839644]
 [0.46100935 0.4564447 ]
 [0.5834033  0.57090275]
 [1.29508759 1.15967878]
 [0.44587901 0.42796701]
 [0.34365393 0.33455498]
 [0.36744668 0.36405977]
 [0.63043286 0.6187181 ]
 [1.05787981 0.98456402]
 [0.52744202 0.52560093]
 [0.46451738 0.4644919 ]
 [0.69083785 0.67744325]
 [0.37304272 0.37288401]
 [0.48301825 0.477983  ]
 [0.81624884 0.77816712]
 [0.53071712 0.51600123]
 [0.38233186 0.3822013 ]
 [0.58381397 0.57264433]
 [0.55626329 0.53674903]
 [0.42087852 0.40312639]
 [0.53569985 0.51340373]
 [0.22315726 0.22060073]
 [0.47664565 0.47572318]
 [0.33668265 0.33614615]
 [0.70705234 0.65951689]
 [0.26578717 0.26571164]
 [0.43258913 0.41601457]
 [0.40990792 0.40416705]
 [1.04191033 1.03250591]
 [0.49493944 0.47711534]
 [0.57285321 0.57180239]
 [0.49144926 0.47933504]
 [0.75904283 0.72492836]
 [0.51000328 0.50295306]
 [0.4068598  0.40151205]
 [0.6112155  0.60531128]
 [0.42258568 0.41527694]
 [0.97615833 0.87455127]
 [0.6432675  0.63356626]
 [0.34484704 0.34059653]
 [0.66507247 0.63285657]
 [0.43878427 0.42161583]
 [0.53325018 0.52422356]
 [0.4820229  0.47389923]
 [0.84244995 0.79546919]
 [0.51045664 0.49568051]
 [0.89062711 0.8459336 ]
 [0.71599199 0.69292796]
 [0.42387549 0.42025437]
 [0.70202947 0.6822397 ]
 [0.55596559 0.55378737]
 [0.62145713 0.61281075]
 [0.55571962 0.54126919]
 [0.38704603 0.38438627]
 [0.45796212 0.44624326]
 [0.48657372 0.48471894]
 [0.42750506 0.40572811]
 [0.34259062 0.33002601]
 [0.41628639 0.41616682]
 [0.61733297 0.56698282]
 [0.33519804 0.33517167]
 [1.18863442 1.10102255]
 [0.25488738 0.25390192]
 [0.81106658 0.71592236]
 [0.83976288 0.815275  ]
 [0.60442706 0.59834137]
 [0.6997076  0.69224569]
 [0.51583124 0.513549  ]
 [0.42859138 0.42628135]
 [0.51442822 0.50821736]
 [1.26428853 1.23209786]
 [0.57062389 0.56721636]
 [0.89751522 0.85806921]
 [0.88779924 0.85562901]
 [0.70181605 0.65129515]
 [0.28909247 0.28898172]
 [1.09628121 1.05892608]
 [0.79542795 0.77018558]
 [0.37720552 0.37468727]
 [0.66556847 0.60909484]
 [0.3315471  0.33130231]
 [0.44644448 0.44525852]
 [0.92097258 0.8472567 ]
 [0.4040776  0.39957874]
 [0.42434132 0.42086554]
 [0.97405026 0.88238568]
 [0.38428727 0.3784131 ]
 [0.64290653 0.63874374]
 [0.49749205 0.48398793]
 [0.46511383 0.45206107]
 [0.59259436 0.59246392]
 [0.34291023 0.34007476]
 [0.25205726 0.25201367]
 [0.63680757 0.59945833]
 [0.35888826 0.35857582]
 [0.88583142 0.83548173]
 [0.44624325 0.43740417]
 [0.66949079 0.66887266]
 [0.63631183 0.61416943]
 [1.05654002 0.99370082]
 [0.45731173 0.45465976]
 [1.42295036 1.18198662]
 [0.26017158 0.25821216]
 [0.27084219 0.26867259]
 [0.78499623 0.66704777]
 [0.47998252 0.46021475]
 [0.44492541 0.44106945]
 [0.48630634 0.48492402]
 [0.33271656 0.33144991]
 [0.8339837  0.79505762]
 [0.41632005 0.41347943]
 [0.54172428 0.53397699]
 [0.53703657 0.53189883]
 [0.95918536 0.86065099]
 [0.8020528  0.78347859]
 [0.4176431  0.41226137]
 [0.60726363 0.58180061]
 [0.55707528 0.55520974]
 [0.55987542 0.55871188]
 [0.59280961 0.58505569]
 [0.55714021 0.55706503]
 [0.25954976 0.25895791]
 [1.358463   1.21337146]
 [0.35729977 0.34984255]
 [0.23864714 0.23835799]
 [0.42372194 0.40676982]
 [0.51038816 0.510256  ]
 [1.19465425 1.15115047]
 [0.42308431 0.42013318]
 [0.46717597 0.45053299]
 [0.93025714 0.85227815]
 [0.40428757 0.40174636]
 [0.60827558 0.5937784 ]
 [0.53323171 0.53294202]
 [0.41863278 0.41053613]
 [0.28496086 0.28467373]
 [0.5655109  0.5648357 ]
 [1.04944866 0.96579663]
 [0.66512534 0.64536204]
 [0.80844792 0.80842769]
 [0.57988236 0.56362675]
 [0.45138597 0.45084852]
 [0.30835466 0.30801157]
 [0.52419552 0.48379684]
 [0.69804083 0.69027191]
 [0.53150701 0.53073023]
 [0.45200615 0.43858318]
 [0.37211342 0.37071764]
 [0.6600359  0.64852333]
 [0.67755325 0.6411407 ]
 [0.74644262 0.74091259]
 [0.64764695 0.64761575]
 [0.56156743 0.56156086]
 [0.49047324 0.49037887]
 [0.46114552 0.45678519]
 [0.40571958 0.40464712]
 [0.37892129 0.36914158]
 [0.4594415  0.45802902]
 [0.5368103  0.51971409]
 [0.38956181 0.38798665]
 [0.41023048 0.40714876]
 [1.15979045 1.15862607]
 [0.64362622 0.60640287]
 [0.42820257 0.4059062 ]
 [0.53651201 0.53637765]
 [0.69962305 0.67613716]
 [0.26372517 0.26228283]
 [0.6635296  0.64336908]
 [0.74991212 0.74980003]
 [0.45946914 0.4594298 ]
 [0.44145175 0.42560431]
 [0.56056874 0.53371718]
 [0.66030536 0.61359776]
 [0.30162374 0.29765823]
 [1.75959975 1.73500585]
 [0.24831281 0.24799026]
 [0.52152927 0.51376031]
 [0.24562362 0.24560958]
 [0.48367288 0.47509249]
 [0.32343174 0.32179097]
 [0.46181126 0.45509192]
 [0.35680545 0.3552456 ]
 [0.62588139 0.59216283]
 [0.48052441 0.47973601]
 [0.55983715 0.52314933]
 [0.57028042 0.54023154]
 [0.43760692 0.43183806]
 [0.36047943 0.35869728]
 [0.58487589 0.56384107]
 [0.8030268  0.75644542]
 [0.65739243 0.65372178]
 [0.56100012 0.55846791]
 [0.73239411 0.72771427]
 [0.52093086 0.50763999]
 [1.17193123 0.61570408]
 [0.75025862 0.71066372]
 [0.90570793 0.84150306]
 [0.40550459 0.40354117]
 [0.57738785 0.55055667]
 [0.74463112 0.69936186]
 [0.76387623 0.76319243]
 [0.50950623 0.49955324]
 [0.72962005 0.72558789]
 [0.52250349 0.51197001]
 [0.64928496 0.6453973 ]
 [1.04620395 0.99109928]
 [0.51884398 0.51168952]
 [1.02430858 0.92919278]
 [0.36876111 0.35447283]
 [0.84864793 0.83887843]
 [0.53755326 0.52566084]
 [0.65984978 0.64682408]
 [0.48912561 0.47319367]
 [0.38886185 0.3881265 ]
 [0.45300079 0.44073128]
 [0.43960448 0.42052692]
 [0.75852402 0.72682702]
 [0.51852964 0.48478315]
 [0.40018519 0.39507209]
 [0.32035598 0.31921153]
 [0.58647563 0.56484038]
 [0.54049787 0.52671258]
 [0.49010494 0.4788268 ]
 [0.47893426 0.44838545]
 [0.54985315 0.4814665 ]
 [0.33947589 0.33551867]
 [0.88240299 0.80468647]
 [0.81008616 0.72821658]
 [0.68487351 0.66672337]
 [0.31583394 0.31580147]
 [0.47264201 0.4673713 ]
 [0.68177176 0.66581726]
 [1.20535436 1.09379146]
 [0.4477183  0.44752184]
 [0.51820423 0.51761341]
 [0.40116654 0.39877553]
 [0.41509759 0.41195546]
 [0.443002   0.44245792]
 [0.60851651 0.60848567]
 [0.70699711 0.671265  ]
 [0.64536513 0.59355761]
 [0.43155725 0.41917279]
 [0.63135463 0.62113866]
 [0.38040495 0.37407737]
 [0.83352958 0.78723957]
 [0.33782398 0.33738761]
 [0.39385514 0.39081028]
 [0.19260884 0.19204243]
 [0.32617387 0.31240542]
 [0.33820637 0.33624819]
 [0.69026873 0.63936941]
 [0.56136552 0.53091032]
 [0.34804412 0.34304011]
 [0.66073913 0.65303851]
 [0.57290767 0.57268615]
 [0.52751752 0.52733373]
 [0.84876885 0.82837081]
 [0.31548544 0.31545243]
 [0.71021621 0.7023466 ]
 [0.62417906 0.60734425]
 [0.46737024 0.46040601]
 [0.42583248 0.37801038]
 [0.27640883 0.27526894]
 [0.57091576 0.55432774]
 [0.39521952 0.39285076]
 [0.60975841 0.584894  ]
 [0.63780272 0.63734608]
 [0.66879672 0.62830137]
 [0.25852361 0.25459032]
 [0.39149172 0.38423997]
 [0.2600172  0.25657188]
 [0.52567764 0.52386697]
 [0.6256865  0.59622742]
 [0.50670689 0.48075373]
 [0.19872098 0.19764908]
 [0.36227373 0.35601117]
 [0.61693263 0.59702192]
 [0.39613099 0.39195044]
 [0.63249886 0.62248101]
 [0.31843098 0.31842697]
 [0.52518205 0.49404825]
 [0.39993231 0.39012553]
 [0.60020302 0.56924417]
 [0.68218086 0.6201258 ]
 [0.57451528 0.56328678]
 [0.52555752 0.52492509]
 [0.45516552 0.44285957]
 [0.72317869 0.72147165]
 [0.6872356  0.68122562]
 [0.37652297 0.37433585]
 [0.50614334 0.46997665]
 [0.44359211 0.43230283]
 [0.50803647 0.49818153]
 [0.33399826 0.33185296]
 [1.19183704 1.0252247 ]
 [0.70077024 0.68430892]
 [0.46713756 0.44973714]
 [0.99992716 0.93475969]
 [0.524086   0.5075923 ]
 [0.5637836  0.55551701]
 [0.53262507 0.50680763]
 [0.60025012 0.59286884]
 [0.3113423  0.3111611 ]
 [1.8191645  1.52300509]
 [0.38004392 0.3662641 ]
 [0.7324553  0.71254975]
 [0.72840096 0.69502106]
 [0.46174794 0.45956642]
 [1.30480605 1.24832592]
 [0.86193337 0.85832288]
 [0.81570821 0.7896307 ]
 [0.58995175 0.57709956]
 [0.642856   0.63782962]
 [2.13305885 1.77078662]
 [0.50834409 0.50405334]
 [1.03322948 0.98677649]
 [0.68116268 0.60863066]
 [0.38587224 0.37496696]
 [0.40297925 0.4025404 ]
 [0.6840104  0.63982648]
 [0.68248102 0.67942003]
 [0.51253573 0.49624717]
 [0.79623147 0.76135878]
 [0.45354828 0.44860836]
 [0.52946833 0.52886255]
 [0.33110554 0.32393181]
 [0.42573678 0.41653061]
 [0.72978476 0.71620924]
 [0.56321546 0.55744869]
 [0.40971295 0.39217461]
 [0.50244489 0.48893619]
 [0.42920584 0.42848824]
 [0.33562521 0.33556549]
 [0.36706463 0.35952632]
 [0.44954785 0.43751338]
 [0.47282423 0.46809444]
 [0.50788849 0.4924451 ]
 [0.80775475 0.78674556]
 [0.59362193 0.58792467]
 [1.04804194 1.01330987]
 [0.59988003 0.58347783]
 [0.87745832 0.78767326]
 [0.60291046 0.60282795]
 [0.56799052 0.54218948]
 [0.39912318 0.39537052]
 [0.52758215 0.52644057]
 [0.48779147 0.48096346]
 [0.50636872 0.49764441]
 [0.38425723 0.37467063]
 [0.67468643 0.63343862]
 [0.46829428 0.44580397]
 [0.31698374 0.31676601]
 [0.63799601 0.61481219]
 [0.33712141 0.33618573]
 [0.63888221 0.63854689]
 [0.35519535 0.35164647]
 [0.29898276 0.29785938]
 [0.48658848 0.48192317]
 [0.32877398 0.32579053]
 [0.41759333 0.41390294]
 [0.46865997 0.44314634]
 [0.66006159 0.61846112]
 [0.62853036 0.61242699]
 [1.04492732 0.96603383]
 [0.92530047 0.91877562]
 [0.54626534 0.53076653]
 [0.54193578 0.53302278]
 [0.38823128 0.3772846 ]
 [0.36425593 0.35838256]
 [0.35175981 0.35146138]
 [0.414933   0.41492922]
 [0.51239821 0.51015303]
 [0.47137992 0.46493326]
 [0.5126994  0.50950342]
 [0.6533193  0.65076057]
 [0.37617284 0.37605425]
 [0.37024545 0.36684162]
 [0.29282305 0.29243172]
 [0.66475236 0.65167742]
 [0.37007788 0.37007745]
 [0.42036173 0.41789996]
 [0.77772109 0.76654756]
 [0.24581288 0.24524854]
 [0.8180603  0.77540602]
 [0.73672428 0.70108561]
 [0.75084224 0.71569901]
 [0.50977722 0.50503887]
 [0.50545142 0.47750403]
 [0.55847765 0.54965359]
 [0.38212065 0.36274412]
 [0.52993545 0.52133081]]
[[0.45333352 0.43916093]
 [0.69320996 0.68489478]
 [0.42813358 0.42459945]
 [0.57778886 0.56183016]
 [0.32357736 0.32354968]
 [0.43923563 0.41771768]
 [0.49571532 0.48230066]
 [0.5043261  0.50258524]
 [0.95916739 0.91356232]
 [0.2940342  0.29337733]
 [0.51808469 0.49911988]
 [0.36518639 0.36497782]
 [0.49995677 0.48800293]
 [0.49151444 0.48097755]
 [0.87630332 0.82262792]
 [0.54419927 0.54322612]
 [0.39978932 0.39156694]
 [0.36387443 0.33953723]
 [0.52198787 0.50762024]
 [0.66529077 0.66024707]
 [0.79143169 0.72858396]
 [0.60022768 0.58043293]
 [0.67042203 0.64124148]
 [0.65318237 0.61945678]
 [0.60472594 0.58426347]
 [0.56722263 0.54005179]
 [0.36742915 0.36376484]
 [0.8281455  0.82790739]
 [0.57071363 0.56391278]
 [0.78252155 0.71512692]
 [0.49079918 0.48897514]
 [0.46563476 0.46441513]
 [0.30365407 0.30338759]
 [0.58042037 0.55906935]
 [0.40956363 0.39937153]
 [0.38596987 0.3814256 ]
 [0.3995219  0.39630861]
 [0.58428777 0.57345896]
 [0.24381119 0.24168519]
 [0.38936958 0.38388982]
 [0.27299378 0.27195897]
 [0.39562696 0.39407538]
 [0.63407871 0.63269931]
 [0.40523168 0.39778422]
 [0.73742153 0.72726627]
 [0.51981652 0.48431174]
 [0.45593851 0.45562357]
 [0.64008949 0.62349896]
 [0.58117383 0.5740731 ]
 [0.84907229 0.81942673]
 [0.5858237  0.56326441]
 [0.67197491 0.63780037]
 [0.63379276 0.61083215]
 [0.48943511 0.48183686]
 [0.4844449  0.48347603]
 [0.34885268 0.34407567]
 [0.59078613 0.59066717]
 [0.69160925 0.66704273]
 [0.29881002 0.29780435]
 [0.49525052 0.47668625]
 [0.36504956 0.35444871]
 [0.35754943 0.3461168 ]
 [0.35929833 0.34829093]
 [0.32940369 0.32710575]
 [0.43948347 0.42996735]
 [0.58526588 0.57611018]
 [0.46741773 0.46059962]
 [0.28401271 0.28109709]
 [0.54168482 0.5401606 ]
 [0.45838811 0.45781179]
 [0.64660016 0.64071173]
 [0.64613238 0.61874622]
 [0.3254117  0.30856126]
 [0.3432324  0.33742394]
 [0.56213096 0.53425127]
 [0.35347507 0.35322009]
 [0.45137969 0.43027429]
 [0.52043197 0.51739507]
 [0.7979248  0.77358668]
 [0.86444845 0.80913832]
 [0.62649447 0.62594239]
 [0.84783163 0.84472785]
 [0.53674375 0.52560576]
 [0.74237866 0.71831382]
 [0.46306193 0.45907173]
 [0.47793019 0.4778209 ]
 [0.42826059 0.42435252]
 [0.78249858 0.74090272]
 [0.25394907 0.25268634]
 [0.65448697 0.62420096]
 [0.80493954 0.80133577]
 [0.25326508 0.2528484 ]
 [0.54489536 0.5441425 ]
 [0.3027456  0.30193286]
 [0.52421637 0.51606853]
 [0.59737253 0.58849347]
 [0.29358504 0.28831649]
 [0.42385674 0.4032262 ]
 [0.2732413  0.27315043]
 [0.68729205 0.66220861]
 [0.73596404 0.72891634]
 [0.65310595 0.64645541]
 [0.8366383  0.78821912]
 [0.41514869 0.4144394 ]
 [1.02104118 1.00965358]
 [0.54006477 0.52889235]
 [0.60478479 0.60206164]
 [0.74016938 0.70005135]
 [0.20025966 0.19848688]
 [0.31001743 0.30582498]
 [0.33453022 0.3309032 ]
 [0.43834614 0.43337551]
 [0.64031565 0.60821179]
 [0.85060415 0.82217762]
 [0.48972642 0.47602888]
 [0.41588393 0.40524153]
 [0.36605864 0.34267882]
 [0.74565369 0.72074905]
 [0.46672921 0.46589986]
 [0.43998803 0.43172799]
 [0.83998655 0.78844578]
 [0.60863936 0.59356463]
 [0.35159144 0.35157346]
 [3.25780263 2.31980422]
 [0.4074449  0.38036944]
 [0.47042069 0.46653905]
 [0.41927816 0.41803038]
 [0.59984693 0.58689742]
 [0.54027178 0.52098692]
 [0.63303504 0.63078139]
 [0.35631377 0.35619345]
 [0.4080335  0.40705084]
 [0.28341551 0.28332929]
 [0.6155167  0.57654331]
 [0.74705806 0.72673496]
 [0.35834536 0.35746415]
 [0.95361516 0.85108535]
 [0.54141663 0.5071865 ]
 [0.61295966 0.59125781]
 [0.57784184 0.57492197]
 [1.2709846  1.16603134]
 [0.39686879 0.3968619 ]
 [0.48903162 0.47025625]
 [0.39799008 0.39478788]
 [0.82765686 0.78881911]
 [0.37831006 0.37200811]
 [1.06984995 0.98689354]
 [0.48688572 0.48187617]
 [0.38820228 0.38403029]
 [1.04005902 0.92798448]
 [1.14622607 1.0425117 ]
 [0.60724566 0.59565865]
 [0.64867935 0.62240698]
 [0.58644134 0.56120224]
 [0.37985351 0.37269143]
 [0.68311456 0.64439831]
 [0.66989269 0.64135302]
 [0.6832919  0.64951012]
 [0.36140621 0.35539002]
 [0.46756069 0.46168701]
 [0.62490384 0.60830072]
 [0.42108754 0.41799377]
 [0.28278712 0.28253749]
 [0.35063876 0.35060261]
 [0.3691693  0.35739083]
 [0.73961688 0.70140475]
 [0.57612389 0.55092773]
 [0.64214947 0.6402856 ]
 [0.61335926 0.60743378]
 [0.71489304 0.71439202]
 [0.6042951  0.58827594]
 [0.55097397 0.53796296]
 [0.47635108 0.47289502]
 [0.67592163 0.6687106 ]
 [0.71554061 0.71554027]
 [0.36488858 0.35903989]
 [0.3418295  0.33300104]
 [0.73952867 0.7306276 ]
 [0.80657817 0.7989481 ]
 [0.45000324 0.44805853]
 [0.70715511 0.68497658]
 [0.60397784 0.59767065]
 [0.57217908 0.56885591]
 [0.55248618 0.53665725]
 [0.75707323 0.72935392]
 [0.65074463 0.61675902]
 [0.53478611 0.51448531]
 [0.25706609 0.25678376]
 [0.42730537 0.42436853]
 [0.53683998 0.50908311]
 [0.99928601 0.89341786]
 [0.58476939 0.56129345]
 [0.2342427  0.2290501 ]
 [0.2684509  0.26142803]
 [0.45648632 0.45648349]
 [0.56603256 0.56077553]
 [0.31265207 0.30969761]
 [0.57141319 0.56230587]
 [0.37408588 0.36381774]
 [0.21402912 0.21365592]
 [0.5591194  0.52126304]
 [0.28323457 0.27692531]
 [0.30750663 0.3019529 ]
 [0.52449698 0.50854492]
 [0.62071174 0.60103256]
 [0.77246382 0.74826539]
 [0.59753196 0.57117375]
 [0.70420546 0.66502605]
 [0.88217602 0.85167199]
 [0.80078555 0.79346707]
 [0.48950147 0.46898828]
 [0.36370208 0.36340103]
 [0.41994029 0.41299137]
 [0.50050253 0.49206091]
 [0.42532168 0.42348721]
 [0.25931676 0.2534499 ]
 [0.29113822 0.28806857]
 [0.5283885  0.51305399]
 [0.5913264  0.56837195]
 [0.38169316 0.37223166]
 [0.55990281 0.54993678]
 [0.38181118 0.37625956]
 [0.41329642 0.40290942]
 [0.56491158 0.5530296 ]
 [0.49526876 0.48002403]
 [0.67085641 0.63550477]
 [0.57024928 0.55958484]
 [0.38248827 0.36543747]
 [0.66780091 0.64945645]
 [0.49235899 0.48021974]
 [0.2669884  0.26234101]
 [0.8108496  0.71541514]
 [0.98393214 0.89363518]
 [0.57820671 0.56157899]
 [0.30810049 0.30784258]
 [1.71625034 1.37077333]
 [0.24182814 0.24124218]
 [0.66227632 0.66195391]
 [0.85461524 0.81339661]
 [0.35961857 0.35713229]
 [0.26417539 0.26286369]
 [0.44461095 0.42584986]
 [0.63413535 0.59676191]
 [0.3911838  0.38753197]
 [0.35673845 0.35654228]
 [0.69005484 0.6418925 ]
 [0.63768185 0.62031425]
 [0.78008366 0.75486455]
 [0.90687763 0.81020224]
 [0.70392732 0.68458325]
 [0.41168783 0.40479927]
 [0.60650513 0.58952859]
 [0.39985411 0.39128547]
 [0.69531597 0.68208962]
 [0.45077772 0.44886819]
 [0.44565454 0.42925964]
 [0.21116658 0.21052677]
 [1.66567956 1.38802732]
 [0.41604617 0.40762622]
 [0.70272221 0.68737002]
 [0.33018107 0.32900289]
 [0.49925628 0.49923821]
 [0.32636271 0.32611639]
 [0.51338073 0.48344634]
 [0.38082786 0.3799236 ]
 [0.36563101 0.36212115]
 [0.32310615 0.32178494]
 [0.71519118 0.7143335 ]
 [0.4392545  0.43408647]
 [0.52176942 0.50468183]
 [0.73130768 0.71055694]
 [0.78211315 0.74169816]
 [0.36597999 0.35660964]
 [0.61081304 0.59307171]
 [0.81064088 0.76630343]
 [0.47178205 0.45446283]
 [0.47785929 0.4658434 ]
 [0.48370047 0.47243946]
 [0.48214389 0.46334161]
 [0.56443692 0.53913986]
 [0.51650945 0.49998508]
 [0.32608583 0.32160963]
 [0.30235078 0.2957811 ]
 [0.76181161 0.75021265]
 [0.32876964 0.32353235]
 [0.57888747 0.55811058]
 [0.52487331 0.50053417]
 [0.52267576 0.52209455]
 [0.50646343 0.50553632]
 [0.5391533  0.53010023]
 [0.53552097 0.5307638 ]
 [0.6272222  0.62621699]
 [0.63535481 0.61352974]
 [0.49568674 0.47527163]
 [0.93438871 0.84200918]
 [0.49907982 0.48793909]
 [0.46967043 0.45202685]
 [0.53474598 0.53459732]
 [0.63309039 0.62833098]
 [0.54113441 0.50549098]
 [0.66686567 0.60571508]
 [1.00807009 0.94168173]
 [0.82971803 0.76043439]
 [0.56875111 0.56561603]
 [0.76207624 0.75507213]
 [0.91727049 0.87641895]
 [0.65233395 0.61015088]
 [0.32200162 0.32037135]
 [0.56910087 0.55696035]
 [0.40065998 0.39491741]
 [0.65002348 0.64395044]
 [0.30618812 0.30511271]
 [0.3611829  0.34730694]
 [0.92819442 0.74529645]
 [0.38684365 0.37038721]
 [0.69143482 0.66048134]
 [0.87919624 0.82452084]
 [0.7709253  0.71440407]
 [0.37137219 0.36998868]
 [0.78847904 0.74144635]
 [0.6974124  0.68221499]
 [0.32077517 0.31690298]
 [0.60735246 0.57540633]
 [0.22725068 0.22720767]
 [0.53179017 0.52086937]
 [0.71360645 0.65157413]
 [0.44830018 0.44326593]
 [0.70287481 0.63785168]
 [0.56887293 0.56483031]
 [0.4357424  0.42457769]
 [0.31551429 0.31117854]
 [0.24924305 0.24913802]
 [0.54943347 0.54227995]
 [0.38325473 0.38150313]
 [0.45793678 0.45590091]
 [0.59805077 0.58835977]
 [0.46406275 0.46069605]
 [0.32313497 0.31527353]
 [0.60864998 0.59757556]
 [0.70646405 0.69413084]
 [0.43305158 0.42028801]
 [0.83188278 0.77625519]
 [0.51161996 0.51144507]
 [0.73348008 0.7009525 ]
 [0.49580206 0.49579213]
 [0.7429446  0.69820739]
 [0.43960877 0.43133629]
 [0.64845015 0.60461807]
 [1.13771932 1.13710071]
 [0.75182809 0.70477198]
 [0.4610388  0.46102049]
 [0.83494323 0.77319455]
 [0.8133737  0.8097753 ]
 [0.76283791 0.69995285]
 [0.40266383 0.40055349]
 [0.36854672 0.36570399]
 [0.31107042 0.30646909]
 [0.49964657 0.48747032]
 [0.47274911 0.46916254]
 [0.8520928  0.79803808]
 [0.57463508 0.57373443]
 [0.53027031 0.52856663]
 [0.42717827 0.42331541]
 [0.46504433 0.4624018 ]
 [0.40848769 0.39996498]
 [0.33697483 0.33527073]
 [0.29720046 0.29717875]
 [0.32419794 0.30899654]
 [0.8977773  0.85621455]
 [0.36316262 0.3624145 ]
 [0.73612231 0.53852984]
 [0.57801076 0.53877621]
 [0.31352683 0.30794843]
 [0.62910084 0.61989948]
 [0.45887999 0.4544181 ]
 [0.50750334 0.50434642]
 [0.42119908 0.41356318]
 [0.32162617 0.31407154]
 [0.54593284 0.52945361]
 [0.41763088 0.40020575]
 [0.48341643 0.48164983]
 [0.60867702 0.58431814]
 [0.63967127 0.63164857]
 [0.92120057 0.87050243]
 [0.55669739 0.55568926]
 [0.44134785 0.42696467]
 [0.59955788 0.57640964]
 [0.33112577 0.33042165]
 [1.12113349 1.05528869]
 [0.20222168 0.20196557]
 [0.34426854 0.34426439]
 [0.42591393 0.42243784]
 [0.66491698 0.62698514]
 [1.00458691 0.86019138]
 [0.89330396 0.85239047]
 [0.3371328  0.3371317 ]
 [0.29445671 0.29422935]
 [0.30628898 0.30513309]
 [0.64072819 0.63991098]
 [0.86581786 0.86540294]
 [0.70060754 0.68346444]
 [0.40193027 0.39355944]
 [0.43178415 0.43057303]
 [0.64588135 0.62952846]
 [0.37324657 0.35610145]
 [0.41130497 0.41073137]
 [0.62560166 0.62052457]
 [0.72049782 0.69462234]
 [0.92075927 0.88486083]
 [0.76415909 0.76376124]
 [0.28177628 0.28176326]
 [1.61332064 1.43224833]
 [0.79863401 0.79580114]
 [0.5375171  0.53611803]
 [0.37421917 0.36456462]
 [1.24262603 1.10140449]
 [0.35391874 0.34634809]
 [0.41116416 0.39584586]
 [0.62369719 0.59555809]
 [0.23582981 0.23488941]
 [0.73693514 0.72771602]
 [0.50213724 0.48413883]
 [0.29077514 0.28978332]
 [0.3761902  0.37587878]
 [0.46433637 0.44331268]
 [0.41926625 0.41292001]
 [0.59020667 0.58757441]
 [0.45680397 0.45298296]
 [0.67226279 0.67134487]
 [0.5296875  0.51506483]
 [1.07138153 1.00565612]
 [0.38838651 0.38677451]
 [0.53553302 0.51745328]
 [0.64787733 0.62405174]
 [0.8505896  0.7946897 ]
 [0.23198801 0.231688  ]
 [0.64840509 0.64498381]
 [0.39960905 0.39928747]
 [0.68197045 0.66873434]
 [0.38923356 0.37696848]
 [0.88132579 0.88057396]
 [0.59377227 0.5833839 ]
 [1.34128256 1.18464053]
 [0.53707458 0.53698531]
 [0.60983127 0.60166688]
 [0.78425507 0.75667707]
 [0.6795742  0.67066565]
 [0.32076292 0.31182125]
 [0.39695834 0.39054623]
 [0.25431211 0.25239672]
 [0.76431593 0.73815956]
 [0.60710309 0.55115157]
 [1.37673957 1.21747091]
 [0.69250435 0.6620289 ]
 [0.78483355 0.77101049]
 [0.71797038 0.70268599]
 [0.68074839 0.65692899]
 [0.3322351  0.32821813]
 [0.47144116 0.4437387 ]
 [0.38022851 0.3756804 ]
 [0.38923514 0.38408448]
 [0.39719898 0.39690844]
 [0.73250545 0.72365632]
 [0.59708437 0.57528674]
 [0.73747924 0.72815758]
 [0.3499934  0.34997918]
 [0.75099201 0.73624666]
 [0.84516569 0.81562229]
 [0.40897498 0.39052786]
 [0.75889731 0.72863118]
 [0.53588891 0.5131572 ]
 [0.51021032 0.50625219]
 [0.68164688 0.66388386]
 [0.56349053 0.56322813]
 [0.42403283 0.42279271]
 [0.26028169 0.25763514]
 [0.92413866 0.88071753]
 [0.38593061 0.38159189]
 [0.3230466  0.31526584]
 [0.53763648 0.52276126]
 [0.36767979 0.36679621]
 [1.09992745 0.99257257]
 [0.68136572 0.65325414]
 [0.52642882 0.50690685]
 [0.55425531 0.55252619]
 [0.62170698 0.62064683]
 [0.8744926  0.82176236]
 [0.49110646 0.48866148]
 [0.65279972 0.62174475]
 [1.00415182 0.91785555]
 [0.37085742 0.37046671]
 [0.65700811 0.63116669]
 [0.35206098 0.34605465]
 [0.34744324 0.34667763]
 [0.57766597 0.54685163]
 [0.52985334 0.51550519]
 [0.52875699 0.51901888]
 [0.73427425 0.70883184]
 [0.68865488 0.67574124]
 [0.3020522  0.30169237]]
[[0.47313597 0.4558713 ]
 [0.20046355 0.20045544]
 [1.19405274 1.04989912]
 [0.37552601 0.37538448]
 [0.94457121 0.94405219]
 [0.56826444 0.54540594]
 [1.08736435 1.05645059]
 [0.67827104 0.66894282]
 [0.61322998 0.58650941]
 [0.8154289  0.79530372]
 [0.44083836 0.43356008]
 [0.74156543 0.72757351]
 [0.26606585 0.26606304]
 [1.48160312 1.24876776]
 [0.54811601 0.54692666]
 [0.48203754 0.48155425]
 [0.53950733 0.51377763]
 [0.88356652 0.83811758]
 [0.56951546 0.56495238]
 [0.43260557 0.41898531]
 [0.51894702 0.51593342]
 [0.61399917 0.61397818]
 [0.27009921 0.26716327]
 [0.54359158 0.5370718 ]
 [0.73493736 0.70602288]
 [0.79617017 0.77593937]
 [0.53776941 0.50960924]
 [0.63711028 0.62101567]
 [0.55194194 0.54772236]
 [0.30905216 0.30903786]
 [0.74857615 0.73283051]
 [0.60650113 0.59330765]
 [0.51215869 0.49556366]
 [0.57391096 0.56893703]
 [0.57566116 0.56100021]
 [0.24280875 0.23899561]
 [0.45859765 0.44902016]
 [0.28878569 0.28672228]
 [0.34320894 0.33874151]
 [0.32349697 0.32319374]
 [0.91131136 0.84132545]
 [0.4494383  0.44506484]
 [0.31816501 0.31366941]
 [0.96431568 0.53454468]
 [0.52835553 0.52708523]
 [0.30255545 0.30239452]
 [0.25995847 0.25631091]
 [0.58457358 0.54796356]
 [0.60199497 0.59676146]
 [0.31832027 0.31341926]
 [0.67699146 0.67654714]
 [0.45031154 0.43983842]
 [0.35754006 0.35712189]
 [0.32202456 0.32110128]
 [0.27471684 0.27374788]
 [0.54124033 0.50928417]
 [0.49366453 0.49070541]
 [0.2370461  0.23642746]
 [0.58159586 0.55361259]
 [0.46520259 0.46470536]
 [0.64180495 0.64102299]
 [0.22918623 0.22856048]
 [0.4380843  0.43808412]
 [1.13752942 1.11190565]
 [0.64929889 0.62119947]
 [1.14766428 1.10200929]
 [0.42510705 0.42497217]
 [0.37917751 0.36941369]
 [1.71835597 1.40949353]
 [0.31104053 0.31013725]
 [0.74175843 0.73806249]
 [0.42011125 0.40733567]
 [0.29889309 0.29721495]
 [0.53234127 0.51288421]
 [0.31280816 0.31067479]
 [0.73854389 0.70701646]
 [0.2523333  0.25137558]
 [0.36286121 0.35079081]
 [0.25738957 0.25540586]
 [0.32356088 0.32346903]
 [0.47730425 0.47003263]
 [0.78906418 0.73940921]
 [0.43536981 0.41758514]
 [0.6421032  0.6417875 ]
 [0.37133123 0.36903892]
 [0.46157065 0.44783909]
 [0.55877018 0.55076545]
 [0.55614836 0.55614831]
 [0.50694149 0.50193381]
 [0.39811223 0.39638832]
 [0.54559115 0.54315788]
 [0.72314663 0.69711415]
 [0.53236993 0.51326407]
 [0.38210136 0.37971839]
 [1.34844715 1.12861585]
 [0.71874957 0.71471478]
 [0.83199454 0.75471031]
 [0.59313515 0.57571939]
 [0.6305497  0.57774964]
 [0.31744833 0.31563801]
 [0.43709425 0.43670385]
 [0.40017376 0.39800118]
 [0.39107743 0.38298362]
 [0.31425973 0.30790988]
 [0.59003532 0.58992445]
 [0.95976113 0.87591404]
 [0.6533875  0.64593423]
 [0.53375518 0.52490532]
 [0.56010914 0.54482576]
 [1.39136521 1.24936754]
 [0.77067604 0.77052892]
 [0.35700921 0.34918102]
 [0.59911468 0.59448034]
 [0.4951779  0.47429589]
 [0.73959787 0.73736625]
 [0.39239652 0.38676119]
 [0.20574738 0.20567071]
 [0.47750015 0.4565972 ]
 [0.67914783 0.61960093]
 [0.62536373 0.61862384]
 [0.42084878 0.42080811]
 [0.25444177 0.25418911]
 [0.40689972 0.40362744]
 [0.75852264 0.74550128]
 [0.36451358 0.34909484]
 [0.31334947 0.31298405]
 [0.38126478 0.38115118]
 [0.48149301 0.47989617]
 [0.45831457 0.45815011]
 [0.57440495 0.53280233]
 [0.57182621 0.54543202]
 [0.2854246  0.28498189]
 [0.54637916 0.54485166]
 [0.88703607 0.8526211 ]
 [0.29279269 0.28773501]
 [0.26198385 0.25681443]
 [0.37066895 0.3569704 ]
 [0.82753647 0.79124364]
 [0.61720491 0.57972539]
 [0.6212633  0.60437457]
 [0.63560435 0.62636711]
 [0.50214584 0.50214382]
 [0.66220117 0.65265314]
 [0.65417156 0.63932125]
 [0.51275866 0.50860308]
 [0.30723128 0.30535993]
 [0.67694694 0.65619368]
 [1.01825833 0.96737337]
 [0.88192745 0.82136511]
 [0.64835471 0.63795036]
 [0.76972577 0.76175131]
 [0.47670916 0.45865082]
 [0.61293503 0.60646908]
 [0.54778263 0.54052024]
 [0.3094251  0.3084476 ]
 [0.1677079  0.16726852]
 [0.27111261 0.27104484]
 [0.53413292 0.52785824]
 [0.82823087 0.78636723]
 [0.46273088 0.46013737]
 [0.60725223 0.56877863]
 [0.32995808 0.32879976]
 [0.26009848 0.25903816]
 [0.44236395 0.43991499]
 [0.49109418 0.46329653]
 [0.93846958 0.82698604]
 [0.73285988 0.71326714]
 [0.59818499 0.58866403]
 [0.70054521 0.67731685]
 [0.61485381 0.58607906]
 [0.21459442 0.21410031]
 [0.7075931  0.67329604]
 [0.39178593 0.38270814]
 [0.28232689 0.28190711]
 [0.78679471 0.73156267]
 [0.42661999 0.4229554 ]
 [0.6932033  0.6717089 ]
 [0.65949505 0.65921383]
 [1.13498801 1.04607919]
 [0.41427636 0.39831418]
 [0.88306429 0.7326843 ]
 [0.26660116 0.26644007]
 [0.63475921 0.60288288]
 [0.37565779 0.37456627]
 [0.34767294 0.33841697]
 [0.39151713 0.37928828]
 [0.35674468 0.3558331 ]
 [0.49081887 0.49056342]
 [0.54803121 0.53685311]
 [0.64497763 0.62704903]
 [0.78677397 0.75102385]
 [1.21543771 1.04371429]
 [0.34623001 0.34520956]
 [0.29986781 0.29771422]
 [0.40133733 0.39290942]
 [0.38086803 0.37196095]
 [0.86347898 0.78629355]
 [0.60539537 0.58812724]
 [0.48646621 0.48347537]
 [0.54909743 0.54818493]
 [0.75984365 0.73562198]
 [0.29325508 0.28486134]
 [0.511455   0.50063202]
 [0.79871175 0.77933965]
 [0.64491229 0.64020804]
 [0.91411125 0.79693756]
 [0.33059852 0.31996825]
 [0.44870205 0.4482419 ]
 [0.92670743 0.91824618]
 [0.66145443 0.65232355]
 [0.61070052 0.57643903]
 [0.5005663  0.49535567]
 [0.56061633 0.55560773]
 [0.58757907 0.56263894]
 [0.32755182 0.32462331]
 [0.45809369 0.45651125]
 [1.00099871 0.94057182]
 [0.52553071 0.52085911]
 [0.57692877 0.56160254]
 [0.52428607 0.51971488]
 [0.84021305 0.83824049]
 [0.45575688 0.45415771]
 [1.00514535 0.97538831]
 [0.24489895 0.24347904]
 [0.88522828 0.82586359]
 [1.22136214 1.12440688]
 [0.40535735 0.4046991 ]
 [0.41757306 0.41079309]
 [0.26041012 0.260387  ]
 [0.64129795 0.56813015]
 [0.3402275  0.33158684]
 [0.55318371 0.54550429]
 [0.56686738 0.55966094]
 [0.41573203 0.40825606]
 [0.54760103 0.54758894]
 [0.52889334 0.52038255]
 [0.29342638 0.29239898]
 [0.41366684 0.41352228]
 [0.91891036 0.84689983]
 [0.49476019 0.48839778]
 [0.28063617 0.27847199]
 [0.49346105 0.4931502 ]
 [0.9964493  0.94683446]
 [0.53795583 0.52684955]
 [0.36260856 0.3514011 ]
 [0.41714626 0.40869437]
 [0.72176665 0.65792704]
 [0.38032374 0.37809713]
 [0.37457753 0.36653797]
 [0.53808747 0.52008475]
 [0.31677543 0.31206985]
 [0.46867477 0.45026125]
 [0.64323708 0.61661882]
 [0.37230476 0.37205794]
 [0.50136434 0.50135542]
 [0.57538102 0.56784567]
 [0.87618147 0.87411239]
 [0.50286732 0.47420084]
 [0.39668742 0.3941102 ]
 [0.24070263 0.23955585]
 [0.34107283 0.33165811]
 [0.26849552 0.26013172]
 [0.30398976 0.29961769]
 [0.85196126 0.7957142 ]
 [0.49982377 0.49699775]
 [0.4576039  0.45154679]
 [0.8363182  0.81673117]
 [0.8888698  0.82779066]
 [0.58898526 0.57257075]
 [0.50177131 0.49786831]
 [0.65920247 0.65479891]
 [0.74277999 0.71426871]
 [0.25111318 0.25056874]
 [0.26639722 0.26636222]
 [0.61786723 0.60685249]
 [0.63355206 0.6301172 ]
 [0.85556344 0.83322478]
 [0.43960854 0.42911759]
 [0.3101563  0.30946359]
 [0.21149093 0.21094119]
 [0.41976411 0.37602199]
 [0.57797289 0.56801147]
 [0.69345364 0.68357295]
 [0.79553633 0.7265825 ]
 [1.35721742 1.25914093]
 [0.23467196 0.23354106]
 [0.35500511 0.34687745]
 [0.63607401 0.59823337]
 [0.70414288 0.6577371 ]
 [0.30646573 0.30600643]
 [0.47203955 0.46595185]
 [0.44564325 0.44523161]
 [0.39657835 0.39226594]
 [0.44108932 0.43773606]
 [0.58873101 0.58197526]
 [0.42493407 0.41851254]
 [0.33821695 0.33819403]
 [0.28202543 0.27925968]
 [0.36586902 0.36062768]
 [0.42241124 0.42081765]
 [0.44054595 0.43833448]
 [0.69814834 0.68753625]
 [0.9632279  0.90690378]
 [0.45460334 0.44777711]
 [0.75831235 0.75787027]
 [0.59112359 0.5613105 ]
 [0.66391694 0.65909136]
 [0.47453977 0.46459807]
 [0.87850213 0.77625828]
 [0.22324508 0.22320529]
 [0.86271974 0.81163356]
 [0.98260012 0.89411312]
 [0.5506868  0.55019367]
 [0.81233507 0.76649837]
 [0.48610793 0.48586592]
 [0.37823683 0.37739145]
 [1.78166126 1.76033431]
 [0.48616766 0.4800026 ]
 [0.6273778  0.61639579]
 [0.47371405 0.45380931]
 [0.68250011 0.67648636]
 [0.91969812 0.90803918]
 [0.58736118 0.56532673]
 [0.45918071 0.43735755]
 [0.37822323 0.35490093]
 [0.4590003  0.44287365]
 [0.45482722 0.45311213]
 [0.46772084 0.46235281]
 [0.59819301 0.59008028]
 [1.28838153 1.16018522]
 [0.4383517  0.43012452]
 [0.53817833 0.53799951]
 [0.58700356 0.5774191 ]
 [1.05718633 0.98069709]
 [0.44408936 0.43949415]
 [0.52616912 0.5139034 ]
 [0.29020842 0.28987457]
 [0.63132901 0.59845572]
 [0.32936691 0.32734892]
 [0.52236211 0.50407001]
 [0.47612174 0.46681294]
 [0.78108559 0.76114693]
 [0.96737905 0.89567218]
 [0.35427912 0.33636138]
 [0.52855926 0.52808797]
 [0.56786287 0.56776323]
 [0.26509502 0.25776144]
 [0.80068182 0.74069603]
 [0.39622754 0.39558222]
 [0.6398684  0.6065118 ]
 [0.37735246 0.37516074]
 [0.49858099 0.49790266]
 [0.3811394  0.37524079]
 [0.4707476  0.46480519]
 [0.75208185 0.70793547]
 [0.29740736 0.29646876]
 [0.47091207 0.46229005]
 [1.41952516 1.18995682]
 [0.58095655 0.54060051]
 [0.53612745 0.52987394]
 [0.55543595 0.54980537]
 [0.66191124 0.65152077]
 [0.33245077 0.33113119]
 [0.66091556 0.6234239 ]
 [0.34667894 0.34583752]
 [0.49046563 0.49028658]
 [0.79329947 0.76554438]
 [0.58576447 0.57367454]
 [0.30443128 0.30008916]
 [0.57347277 0.56643587]
 [0.38491576 0.38274321]
 [0.4498709  0.44456971]
 [0.49107294 0.48959843]
 [0.47673251 0.46923203]
 [0.66219556 0.66044884]
 [0.57579553 0.5742989 ]
 [0.61201324 0.59638922]
 [0.53999528 0.53393496]
 [0.53901078 0.52644078]
 [0.44790814 0.44587859]
 [0.83352538 0.79850217]
 [0.4823555  0.48105053]
 [0.54909279 0.54765936]
 [0.46863679 0.45371599]
 [0.32519115 0.32510178]
 [0.55048922 0.5504121 ]
 [0.2947367  0.29089823]
 [0.81120425 0.77197515]
 [0.43257308 0.42309197]
 [0.88249049 0.78692159]
 [0.51581013 0.50156566]
 [0.64411857 0.63975061]
 [0.96613041 0.95036113]
 [0.67931004 0.67523034]
 [0.42916071 0.42216836]
 [0.41004577 0.39789343]
 [0.40802319 0.40327489]
 [0.49305653 0.48956088]
 [0.57000784 0.55710779]
 [0.69544045 0.67759152]
 [0.36906164 0.35697146]
 [0.80220514 0.76406216]
 [0.47091131 0.46509851]
 [0.47522986 0.47057472]
 [0.41279374 0.40663617]
 [0.53385424 0.52102704]
 [0.46427006 0.46233181]
 [0.81242134 0.7854558 ]
 [0.72673385 0.7081805 ]
 [0.65527954 0.63941458]
 [0.57936493 0.56821881]
 [0.51099507 0.51081925]
 [0.31050446 0.30995083]
 [0.71098289 0.69577474]
 [0.89403636 0.79935113]
 [0.31141213 0.30996272]
 [0.29773059 0.29316824]
 [0.41380298 0.41251458]
 [0.45321306 0.4486238 ]
 [0.3474007  0.34734135]
 [0.28760854 0.28705029]
 [0.54393561 0.53543087]
 [0.51151537 0.4791391 ]
 [0.47062686 0.45842878]
 [0.2343988  0.23323941]
 [0.66364346 0.64959794]
 [0.44651789 0.44211035]
 [0.3387615  0.33664864]
 [1.03433306 0.96642997]
 [0.39480874 0.38894163]
 [0.49811261 0.48321571]
 [0.52206461 0.51366464]
 [0.51463546 0.49005303]
 [0.59185403 0.57041888]
 [0.54505837 0.5409894 ]
 [0.36335599 0.3626553 ]
 [0.88179941 0.84517376]
 [0.24971858 0.24604523]
 [0.34632849 0.34337409]
 [0.53425307 0.53320716]
 [0.23813102 0.23770528]
 [0.80860786 0.80813344]
 [0.64276144 0.62238388]
 [1.47496523 1.41946197]
 [0.51431391 0.48476378]
 [0.42241913 0.4138806 ]
 [0.50814411 0.50002767]
 [0.51465786 0.51329883]
 [0.32161636 0.30523284]
 [1.02099636 0.59913425]
 [0.70146176 0.70053508]
 [0.38179822 0.37196449]
 [0.40330426 0.39709701]
 [0.87159506 0.85405598]
 [0.59084607 0.56071594]
 [0.62975308 0.59581437]
 [0.3193829  0.30419257]
 [0.44888847 0.4314728 ]
 [0.83006417 0.79226612]
 [0.28868998 0.28661358]
 [1.02865136 0.94583433]
 [0.44086239 0.42598213]
 [1.04964386 0.96130108]
 [0.3670203  0.35983384]
 [0.55846207 0.54956727]
 [0.90368872 0.86598051]
 [0.6562124  0.65524774]
 [0.46321201 0.46314164]
 [0.54275566 0.5213012 ]
 [0.76973054 0.72394569]
 [0.74041781 0.70000942]
 [0.28252556 0.27911534]
 [0.34851704 0.34806857]
 [0.603034   0.60232578]
 [0.59624203 0.58358143]
 [0.59726287 0.58231755]
 [0.47191802 0.45863706]
 [0.34851592 0.3360336 ]
 [0.49044952 0.48771282]
 [0.76880357 0.71400482]
 [0.68650047 0.66850609]
 [0.41897606 0.41278597]
 [0.74107195 0.70672244]
 [0.29820619 0.29679002]
 [0.20040063 0.20024139]
 [0.29630609 0.29627505]
 [0.26980145 0.26321881]
 [0.31948872 0.3189883 ]
 [0.62553014 0.61990446]
 [0.29041667 0.28821114]
 [0.30510073 0.29702968]
 [1.40985883 1.20114839]
 [0.61569892 0.6042808 ]
 [0.50027822 0.48094232]
 [0.34100759 0.33523337]
 [0.83502958 0.79410876]
 [0.46337265 0.43489705]
 [0.95743637 0.92628761]
 [0.476057   0.47040412]
 [0.24156783 0.23901675]]
[[0.43120493 0.41800182]
 [0.45314201 0.45309612]
 [1.18520903 1.11009246]
 [0.43316262 0.41568397]
 [0.3816546  0.36944772]
 [0.18978916 0.18892693]
 [0.37963894 0.37416139]
 [0.29619547 0.29411578]
 [0.32067017 0.31846639]
 [1.24567622 1.15935299]
 [0.53827529 0.53812885]
 [0.45191788 0.44807428]
 [0.30654256 0.30370408]
 [0.59648225 0.5807456 ]
 [0.21766568 0.21702288]
 [0.47713261 0.46215703]
 [1.00096694 0.92805747]
 [0.61273434 0.61059817]
 [0.61642949 0.57923085]
 [0.33852997 0.33826018]
 [1.07809913 1.01766177]
 [0.46695426 0.44972927]
 [0.82380415 0.81917622]
 [0.4915751  0.49084235]
 [0.36069612 0.35993012]
 [0.65830117 0.64046882]
 [0.29244667 0.29227297]
 [0.5113665  0.5112093 ]
 [0.25126631 0.2498887 ]
 [0.50663904 0.50640843]
 [0.69061634 0.60150767]
 [0.56353564 0.55476946]
 [0.54331277 0.51600161]
 [0.46914372 0.45210645]
 [0.34881027 0.34865447]
 [0.55743925 0.55715685]
 [0.38767066 0.37998171]
 [0.39218898 0.39183964]
 [0.42561727 0.4187763 ]
 [0.74144363 0.72578271]
 [0.50501785 0.49897311]
 [0.5341228  0.4996863 ]
 [0.68640477 0.64883377]
 [1.83994282 1.56910931]
 [0.7454303  0.74090142]
 [0.31504945 0.30691353]
 [0.39319592 0.39062968]
 [0.66799627 0.6230485 ]
 [0.55935248 0.55672058]
 [0.4015515  0.39462096]
 [0.59297917 0.59271729]
 [0.23601748 0.2348572 ]
 [0.51936998 0.51648718]
 [1.37078933 1.33235228]
 [0.49728495 0.49204778]
 [0.47638069 0.46323132]
 [0.6379232  0.60739798]
 [0.26240943 0.26142186]
 [0.44654582 0.44461023]
 [0.92104689 0.79474312]
 [0.80857984 0.73683035]
 [1.45154045 1.30306729]
 [0.42441609 0.42373055]
 [0.60427023 0.56106691]
 [0.69135147 0.66743537]
 [0.36892871 0.36369453]
 [0.41338505 0.40491757]
 [0.63020495 0.5845614 ]
 [0.46476736 0.4625606 ]
 [0.50653392 0.48232048]
 [0.73539351 0.69826079]
 [0.38062207 0.37725503]
 [0.55198954 0.49176068]
 [0.45034916 0.45024325]
 [0.43551414 0.42245711]
 [0.40376917 0.39923408]
 [0.30018602 0.29982705]
 [0.37796951 0.37227725]
 [0.4934718  0.47884322]
 [1.08410036 1.00914693]
 [0.66791205 0.66788833]
 [0.82298567 0.82271604]
 [0.60202517 0.58787431]
 [0.37027722 0.36558769]
 [0.37274183 0.35394068]
 [0.49860962 0.4884229 ]
 [0.57203762 0.57024181]
 [0.58313656 0.57761184]
 [0.71607344 0.67962729]
 [0.47109273 0.4687926 ]
 [0.39274787 0.3909724 ]
 [0.48923123 0.4809473 ]
 [0.4956866  0.48401701]
 [0.44373741 0.43310362]
 [0.58252122 0.58184659]
 [1.07495157 0.99837684]
 [0.33220681 0.3315455 ]
 [0.28438568 0.28362183]
 [0.29864761 0.29489736]
 [0.38053104 0.37568568]
 [1.13333973 1.0412958 ]
 [0.34224872 0.34120879]
 [0.36648646 0.35567533]
 [0.29569448 0.29444652]
 [0.56287657 0.53658494]
 [0.39363966 0.38070773]
 [0.85321741 0.80698959]
 [0.37208725 0.3705642 ]
 [0.59266708 0.53072341]
 [0.49700729 0.47461032]
 [1.04478776 0.9990375 ]
 [0.43613008 0.43412093]
 [0.55583752 0.5448509 ]
 [0.46646029 0.46275548]
 [0.66248467 0.6010943 ]
 [0.51067685 0.50569785]
 [0.34343763 0.33141349]
 [0.6518817  0.63815281]
 [0.32978941 0.32161283]
 [0.57174483 0.55211591]
 [0.44237526 0.42408707]
 [0.43870518 0.43709308]
 [0.37088962 0.36391629]
 [0.28215525 0.27886995]
 [0.33360641 0.31659308]
 [0.58381128 0.56440285]
 [0.46100566 0.46061802]
 [0.6410407  0.64093432]
 [0.53740016 0.52279611]
 [0.48829788 0.48674164]
 [0.47644234 0.47176186]
 [0.39280178 0.37733769]
 [0.51458856 0.49493102]
 [1.0552075  0.97295495]
 [0.618925   0.59309813]
 [0.79209048 0.77589186]
 [0.2837618  0.28305618]
 [0.56589918 0.54962352]
 [0.51901855 0.49346911]
 [0.64006726 0.63984042]
 [0.38824178 0.38317686]
 [0.35584313 0.35389945]
 [0.93133043 0.91855833]
 [0.37886533 0.37348757]
 [0.69516321 0.68082794]
 [0.64323515 0.63570884]
 [0.58692568 0.58118223]
 [0.57732298 0.57131176]
 [0.69754341 0.56981363]
 [0.50595012 0.49864683]
 [0.42886472 0.42607275]
 [0.3831829  0.37501126]
 [0.53339933 0.52906893]
 [0.76700348 0.75785951]
 [0.2514944  0.25000254]
 [0.47177432 0.45623272]
 [0.72603111 0.72062874]
 [0.42500123 0.4248639 ]
 [0.61469051 0.59666204]
 [0.64950189 0.63935277]
 [0.29260041 0.29034822]
 [0.73641796 0.72904992]
 [0.46848127 0.46312828]
 [0.37301725 0.36782827]
 [0.71502957 0.70620364]
 [0.37179811 0.36777744]
 [0.25438751 0.25244059]
 [0.3732607  0.36889934]
 [0.38985638 0.38594396]
 [0.61206619 0.59485526]
 [0.53803142 0.51487794]
 [0.64686227 0.63516012]
 [0.47934108 0.46757604]
 [0.69620316 0.69529577]
 [0.7357654  0.69061321]
 [0.49623295 0.4958923 ]
 [0.37443307 0.37396683]
 [1.51810412 1.51205088]
 [0.40796567 0.40092894]
 [0.35816898 0.35457136]
 [0.69685741 0.66851332]
 [0.25101543 0.24954498]
 [0.40472724 0.37592758]
 [0.30279561 0.30120233]
 [0.5772525  0.56066759]
 [0.41898881 0.41083929]
 [0.56562262 0.55254272]
 [0.77218524 0.76036284]
 [0.50421885 0.50241449]
 [0.27643717 0.27596919]
 [0.32676171 0.32528769]
 [0.52472304 0.49441896]
 [0.4544213  0.45224603]
 [0.62000851 0.59348663]
 [0.54447209 0.50598561]
 [0.34279581 0.34071362]
 [0.41031801 0.40519077]
 [0.76472089 0.74888018]
 [0.5355573  0.52377732]
 [0.55678505 0.53408758]
 [0.87529556 0.85191229]
 [0.71967206 0.67723189]
 [1.21456437 1.05900202]
 [0.36693472 0.36584487]
 [0.30215837 0.30200824]
 [0.5046649  0.50245499]
 [0.3695742  0.36940904]
 [0.56913068 0.56557459]
 [0.59962519 0.59051378]
 [0.66303127 0.64201344]
 [0.97653086 0.9296586 ]
 [0.30269595 0.30253594]
 [0.34344386 0.33895717]
 [0.67994079 0.67986717]
 [0.56349013 0.54111204]
 [0.38821366 0.37587981]
 [0.56851691 0.56850148]
 [0.52331658 0.48418435]
 [0.35939511 0.3435884 ]
 [0.97404511 0.96183884]
 [0.39783346 0.37019633]
 [0.26236151 0.25839364]
 [0.53799927 0.52472957]
 [0.49987312 0.49178337]
 [0.55517858 0.55500499]
 [0.55902925 0.54022342]
 [0.83449998 0.78697198]
 [0.55380389 0.55224373]
 [0.69094397 0.67085526]
 [0.36171878 0.3519955 ]
 [0.83090476 0.80126669]
 [0.4534749  0.43071461]
 [0.48399755 0.47525496]
 [0.29481404 0.28979545]
 [0.53847203 0.52553499]
 [1.16923709 1.08029278]
 [0.481918   0.47223202]
 [0.53508476 0.51296896]
 [0.44050822 0.43926871]
 [0.57430906 0.55765931]
 [0.42049093 0.41107956]
 [0.68386757 0.64248688]
 [1.27628813 1.15026143]
 [1.20727383 1.03798757]
 [0.44017631 0.4396157 ]
 [0.88323327 0.82604919]
 [0.36936624 0.34069209]
 [0.4063097  0.40017105]
 [0.55022537 0.54741275]
 [0.56636078 0.56332896]
 [0.59028809 0.58979774]
 [0.40075065 0.39316027]
 [0.72027483 0.7055473 ]
 [0.34864445 0.34847953]
 [0.84945403 0.80539296]
 [0.41260087 0.40799291]
 [0.39751082 0.39741542]
 [0.50753002 0.48461326]
 [0.37644376 0.37224524]
 [0.49470231 0.49142024]
 [0.68576946 0.66831657]
 [0.63865172 0.61542271]
 [0.55269603 0.55192048]
 [0.64915951 0.63836039]
 [0.33231193 0.32763695]
 [0.39698694 0.38625236]
 [0.13540664 0.13521212]
 [0.42410374 0.42343686]
 [0.77297748 0.74250608]
 [0.77925893 0.74126704]
 [0.59710187 0.56508645]
 [0.54229724 0.52421556]
 [0.72060466 0.7004254 ]
 [0.44285093 0.43093133]
 [0.81159261 0.79401053]
 [0.35380422 0.34328659]
 [0.63284129 0.61982201]
 [0.34654495 0.33828589]
 [0.63304738 0.5962645 ]
 [1.17935365 1.07098315]
 [0.45382971 0.43040403]
 [0.3074217  0.29848214]
 [0.26458518 0.26458002]
 [0.37863214 0.37697243]
 [0.6767936  0.66331808]
 [0.55010696 0.53672462]
 [0.39197885 0.3903138 ]
 [0.5239186  0.50447674]
 [0.38831534 0.38353987]
 [0.42446238 0.42197249]
 [0.35238508 0.34255645]
 [0.57331131 0.54374069]
 [0.63256421 0.60815163]
 [0.54016873 0.53676756]
 [0.78610239 0.75837214]
 [0.36462545 0.35647733]
 [0.31593478 0.30928368]
 [0.83981546 0.81004993]
 [0.73952405 0.71257448]
 [0.49027632 0.48676946]
 [0.71386324 0.70478554]
 [0.26499574 0.26179167]
 [0.32540399 0.31208229]
 [0.53147421 0.51199239]
 [0.68665692 0.66240459]
 [0.50778612 0.50044851]
 [0.35805826 0.35145151]
 [0.43565395 0.41503069]
 [0.48320887 0.46867478]
 [1.11176101 1.02215973]
 [0.65848749 0.61726606]
 [0.38530054 0.38368257]
 [0.48917108 0.47537203]
 [0.52617167 0.49420668]
 [0.43155313 0.42502508]
 [0.50472204 0.48606328]
 [0.55896042 0.54154969]
 [0.42217515 0.41825202]
 [0.48723592 0.48444546]
 [0.52495904 0.51483814]
 [0.35946745 0.3475741 ]
 [0.56779331 0.56777067]
 [0.68958988 0.66692264]
 [0.73188659 0.69222474]
 [0.39990785 0.37239555]
 [0.33805017 0.33424124]
 [0.80231738 0.77656174]
 [0.58255428 0.57936465]
 [0.3853445  0.37937165]
 [0.44162772 0.43619507]
 [1.08121465 0.98377043]
 [0.81301351 0.79438171]
 [0.50375943 0.47007664]
 [0.46303629 0.46175016]
 [0.39926307 0.39036583]
 [0.4211248  0.40774597]
 [0.42895111 0.40643132]
 [0.62154589 0.59540918]
 [1.84850527 1.57074218]
 [1.00396292 0.93742946]
 [0.43714811 0.43139941]
 [0.32829307 0.31988675]
 [0.65744137 0.63089545]
 [0.46761727 0.45535423]
 [0.66389482 0.65684672]
 [0.57411298 0.56415369]
 [0.50720927 0.489774  ]
 [0.34393668 0.34180718]
 [0.66573595 0.63350241]
 [0.47969914 0.47909098]
 [1.39306371 1.19035052]
 [0.58143315 0.55322327]
 [0.75415433 0.74478524]
 [0.70879159 0.68389964]
 [0.51449325 0.51422422]
 [0.58332184 0.57268497]
 [0.36707763 0.3648848 ]
 [0.50366523 0.50244935]
 [0.75765768 0.7409702 ]
 [0.52313437 0.49980694]
 [0.53627107 0.50787866]
 [0.55046868 0.54597741]
 [0.43727553 0.42915858]
 [0.50566287 0.46723825]
 [0.64880396 0.63959974]
 [0.50150119 0.49673991]
 [0.29870806 0.29859383]
 [0.29267381 0.28904505]
 [0.39705223 0.38386335]
 [0.57463964 0.53873664]
 [1.03357681 0.99332229]
 [0.52114768 0.50121691]
 [0.50716595 0.50644043]
 [0.47504287 0.47237469]
 [0.41264861 0.40685077]
 [0.74852528 0.74656873]
 [0.41722323 0.40981647]
 [0.47422907 0.46230171]
 [0.59890299 0.5988135 ]
 [0.55602283 0.55468389]
 [0.68978015 0.68876552]
 [0.23943805 0.23943056]
 [0.26762412 0.26399319]
 [0.37508025 0.37498191]
 [0.4212043  0.42118753]
 [0.83750651 0.83375978]
 [0.29163022 0.28767331]
 [0.56157634 0.56103273]
 [0.51314547 0.50609083]
 [0.62855468 0.58788264]
 [0.37021871 0.3700512 ]
 [0.5668597  0.54460506]
 [0.42797863 0.42775336]
 [0.50063724 0.49385882]
 [0.37542535 0.37399162]
 [0.4722798  0.46571795]
 [0.35092517 0.33648712]
 [0.25742265 0.25657692]
 [0.45923969 0.45873614]
 [0.31971089 0.31268504]
 [0.64121582 0.63904308]
 [0.61722229 0.60458219]
 [0.51875856 0.51442252]
 [0.34818835 0.33605256]
 [0.908218   0.86602482]
 [1.00890611 0.9896945 ]
 [0.29828989 0.29811299]
 [1.18841232 1.10933223]
 [0.43196248 0.41257899]
 [0.47587444 0.46621826]
 [0.29673494 0.29365952]
 [0.57793058 0.5436465 ]
 [1.44741212 1.25464977]
 [0.67858923 0.63034562]
 [0.44539171 0.43949318]
 [0.48165997 0.47074517]
 [0.41603675 0.41257321]
 [0.74686331 0.691027  ]
 [0.35412467 0.35403484]
 [0.50234573 0.49376766]
 [0.73070978 0.66364806]
 [0.43180531 0.42885535]
 [0.32861287 0.31687017]
 [0.5994082  0.59050413]
 [0.41926951 0.41817297]
 [0.79080071 0.76511895]
 [0.45992685 0.45062056]
 [0.70496077 0.68232041]
 [0.50739661 0.49714065]
 [0.46415348 0.46161485]
 [0.39417474 0.37388485]
 [0.66707715 0.63510552]
 [0.49652462 0.48822204]
 [0.42235588 0.40206146]
 [0.56001662 0.54393406]
 [0.86664593 0.83769605]
 [0.75404861 0.70032464]
 [0.80629254 0.61101714]
 [0.76917836 0.71804538]
 [0.5341167  0.53408599]
 [0.90646342 0.79513081]
 [0.41988181 0.41658164]
 [0.34179167 0.33575254]
 [0.70557824 0.68923566]
 [0.75398597 0.71073283]
 [0.41445344 0.41394881]
 [0.59312702 0.56514704]
 [1.00109541 0.98225959]
 [0.4511841  0.43872055]
 [0.55629171 0.53734298]
 [0.72817783 0.70786865]
 [0.34011041 0.33398338]
 [0.27415178 0.27362889]
 [0.65373588 0.64898444]
 [0.54418823 0.52799865]
 [0.26383158 0.25991391]
 [0.39941557 0.39540476]
 [0.79126971 0.74769148]
 [0.42878688 0.42521759]
 [0.45151594 0.44656185]
 [0.34500354 0.34123838]
 [1.04495398 0.91662008]
 [0.40676336 0.40383086]
 [0.41919439 0.4186434 ]
 [0.55330263 0.55275166]
 [0.37249864 0.35928133]
 [0.58366813 0.58227495]
 [0.69293472 0.67384177]
 [0.84607602 0.81674341]
 [0.94262784 0.90078074]
 [0.99839712 0.95528402]
 [0.56596269 0.53741685]
 [0.39926901 0.39692155]
 [0.70551037 0.68036725]
 [0.8364026  0.79375979]
 [0.247665   0.24496734]
 [0.41179132 0.41112553]
 [0.3847848  0.38295674]
 [0.25317265 0.25182   ]
 [1.59325779 1.31601279]
 [0.65064442 0.65013527]
 [0.26977173 0.26831234]
 [0.61970659 0.60224234]
 [0.44964863 0.43806275]
 [0.58182693 0.56867387]
 [0.44331753 0.42531599]
 [0.28790489 0.28721573]
 [1.28466661 1.08168808]
 [0.57760684 0.54943286]
 [0.49916669 0.48691815]
 [0.54204825 0.50825173]
 [0.75988661 0.74087269]
 [0.47925544 0.47895661]
 [0.73114886 0.72637882]
 [0.4497906  0.44552025]
 [0.50240227 0.47282747]
 [0.5047922  0.50307637]
 [0.46692473 0.44938505]
 [0.74312077 0.68173891]
 [0.87721082 0.87680128]]
[[0.2312991  0.23117096]
 [0.35990234 0.35749022]
 [0.19908196 0.19891859]
 [0.5759123  0.57120694]
 [1.21970262 1.10177686]
 [0.60341242 0.56659421]
 [0.25827767 0.2579218 ]
 [0.57269241 0.57105576]
 [0.51153607 0.50927765]
 [0.3982622  0.39284128]
 [0.34516605 0.33868227]
 [0.68054013 0.67968456]
 [0.7184677  0.69129566]
 [0.64385003 0.61917955]
 [0.54389131 0.53269726]
 [0.86578376 0.84287613]
 [1.22436724 1.1430621 ]
 [0.4356982  0.43568667]
 [0.67198656 0.63777087]
 [0.28388318 0.27912141]
 [0.6143773  0.61353302]
 [0.8034786  0.77615928]
 [0.30549544 0.30224411]
 [0.98898192 0.90041289]
 [0.38579257 0.37886497]
 [0.51119282 0.49634469]
 [0.58514301 0.56075666]
 [0.6959738  0.6502071 ]
 [0.79298693 0.75697819]
 [0.48326926 0.46972166]
 [0.504012   0.50336962]
 [0.42214736 0.41564971]
 [0.31358333 0.31353106]
 [0.24783556 0.24725867]
 [0.48928034 0.4764726 ]
 [0.61141767 0.58861649]
 [0.62934107 0.59631989]
 [0.42728796 0.42135532]
 [0.3217824  0.30876852]
 [0.42377307 0.42058052]
 [0.61249232 0.57785541]
 [0.27819795 0.27707207]
 [0.53633916 0.52566213]
 [0.52954069 0.52805359]
 [0.26814949 0.26166608]
 [0.33129101 0.32891838]
 [0.52359905 0.50295458]
 [0.67020489 0.63945088]
 [0.22035549 0.21981013]
 [1.13962017 1.0616949 ]
 [0.48272619 0.47502916]
 [0.39414147 0.38699888]
 [0.39288962 0.38980904]
 [0.56355029 0.56049716]
 [0.63213163 0.61241808]
 [0.61222509 0.57830106]
 [0.21754832 0.21626249]
 [0.56582734 0.56386391]
 [0.47049777 0.46234513]
 [0.55688315 0.52515321]
 [1.18385457 1.05227945]
 [0.29354654 0.28932685]
 [0.62194141 0.60362698]
 [0.61525585 0.61317803]
 [0.31239649 0.3120058 ]
 [0.72810812 0.66249467]
 [0.50100202 0.49376847]
 [0.51346777 0.51000064]
 [0.39832402 0.39189132]
 [0.33594736 0.33480826]
 [0.78384188 0.76995642]
 [0.38084435 0.38017242]
 [0.53527451 0.52078557]
 [0.7035812  0.69140154]
 [0.43469555 0.42909338]
 [0.56873809 0.55958277]
 [0.38296035 0.37523512]
 [0.55251046 0.54752059]
 [0.53191567 0.51176124]
 [0.37288982 0.37112397]
 [0.52347628 0.52024136]
 [0.47448854 0.47403332]
 [0.40685463 0.39533865]
 [0.56158542 0.52419547]
 [0.60424528 0.5902654 ]
 [0.74614263 0.70231281]
 [0.28495254 0.28351984]
 [0.68320475 0.68320162]
 [0.82859172 0.79341066]
 [0.96647707 0.84310289]
 [0.36471757 0.35859152]
 [0.55677961 0.52926616]
 [0.57086272 0.54759038]
 [0.84117454 0.8074778 ]
 [0.44659411 0.44458489]
 [0.28611192 0.2852425 ]
 [0.52829086 0.52605552]
 [0.48669781 0.48130669]
 [0.66545538 0.65688014]
 [0.96997273 0.90299599]
 [0.61968545 0.6084768 ]
 [0.55348664 0.53943396]
 [0.41014756 0.40938309]
 [0.25123261 0.25058015]
 [0.54445077 0.53724311]
 [0.34018878 0.33896501]
 [0.49716443 0.49383488]
 [1.04081219 1.00758951]
 [0.44155935 0.4321307 ]
 [0.75775899 0.74060594]
 [0.48040269 0.47998346]
 [0.25650274 0.2557868 ]
 [1.10197424 1.02001699]
 [0.67494004 0.65307595]
 [0.52079228 0.5156391 ]
 [0.35524231 0.35168108]
 [0.47122533 0.47115255]
 [0.28061234 0.28001306]
 [0.38340601 0.37301196]
 [0.37839816 0.37714404]
 [0.47175572 0.46267622]
 [0.51559604 0.47855576]
 [0.47252593 0.46968098]
 [0.83785488 0.83772739]
 [0.72705864 0.69039185]
 [0.40004209 0.38749079]
 [0.35186667 0.34933582]
 [0.33559892 0.33072813]
 [0.86221381 0.80251918]
 [0.93041053 0.876034  ]
 [0.53833085 0.52790805]
 [0.47008629 0.46584913]
 [0.8688138  0.78661121]
 [0.43362583 0.43353433]
 [0.62217523 0.59138923]
 [0.27224323 0.27000408]
 [1.00903145 0.9392527 ]
 [0.40482938 0.38191917]
 [0.77463569 0.77322496]
 [0.4042049  0.396602  ]
 [0.93818453 0.85820023]
 [0.73119055 0.68743533]
 [0.60712966 0.58707008]
 [0.57289706 0.53385964]
 [1.46198626 1.29534657]
 [1.29464281 1.16599463]
 [0.78625493 0.72988492]
 [0.48603929 0.48045695]
 [0.27847349 0.27663309]
 [0.61494047 0.6097152 ]
 [0.6643209  0.63851869]
 [0.4820694  0.45911486]
 [0.84564655 0.83725706]
 [0.3292379  0.32883788]
 [0.50794717 0.50680723]
 [0.47207887 0.46753516]
 [0.46655127 0.44172921]
 [0.37076288 0.37042374]
 [0.6219975  0.5491449 ]
 [0.19843506 0.19840782]
 [0.45403889 0.45403597]
 [0.31810898 0.31794319]
 [0.47526372 0.46223798]
 [0.35609546 0.35513905]
 [1.04713471 1.00624255]
 [0.60841159 0.58037859]
 [0.73180172 0.69926804]
 [0.39937873 0.39780825]
 [0.4966152  0.48384915]
 [0.78531973 0.76057014]
 [0.8159742  0.78931667]
 [0.7273671  0.72072608]
 [0.50130293 0.49677809]
 [0.56070899 0.55719345]
 [0.63291915 0.6233518 ]
 [0.66230716 0.66174351]
 [0.32546463 0.31811641]
 [0.42679095 0.42659515]
 [0.394744   0.39469276]
 [0.70160699 0.70160341]
 [0.90218942 0.83240569]
 [1.46405657 1.42041297]
 [0.60287753 0.60200558]
 [0.30612971 0.3026932 ]
 [0.41785416 0.41697663]
 [0.74207256 0.73086139]
 [0.82741481 0.82559461]
 [0.40041287 0.40034775]
 [0.56146225 0.53684195]
 [0.67781099 0.65696083]
 [0.57625323 0.57459647]
 [0.66242476 0.66124455]
 [0.63727204 0.61468664]
 [0.9555987  0.86836723]
 [0.58706763 0.58352547]
 [0.22726583 0.2256872 ]
 [0.70212581 0.65566266]
 [0.79038005 0.77156378]
 [0.33556295 0.33231525]
 [0.42941688 0.42490418]
 [0.47700432 0.46030025]
 [0.29197203 0.28966111]
 [0.26278237 0.26193216]
 [0.75390269 0.69409619]
 [0.38913984 0.38882567]
 [0.55375232 0.55374414]
 [0.69646022 0.6295998 ]
 [0.31658203 0.31599524]
 [0.61252284 0.61151316]
 [1.38599695 1.22283646]
 [0.64178635 0.62392276]
 [0.45763402 0.43150478]
 [0.35699275 0.35589817]
 [0.74936757 0.74057647]
 [0.41165374 0.41089903]
 [0.34872364 0.34429531]
 [0.87065078 0.84952894]
 [0.41826651 0.39809768]
 [0.52732596 0.52140645]
 [0.56990688 0.56662803]
 [0.80478948 0.77475013]
 [0.61053714 0.6009111 ]
 [0.50469456 0.5043614 ]
 [0.43030102 0.41461942]
 [0.46625097 0.44873475]
 [0.40890548 0.40532159]
 [0.48028781 0.46282396]
 [0.8978836  0.88578562]
 [1.18040922 1.01855213]
 [0.62542886 0.60105236]
 [0.60972116 0.57711971]
 [1.08936728 1.00468926]
 [0.81650295 0.80447062]
 [0.67409354 0.63946721]
 [0.47521947 0.46553324]
 [0.66750689 0.63361301]
 [0.42693122 0.42636629]
 [0.42183209 0.41051471]
 [1.05235976 0.87218744]
 [0.60014359 0.58441071]
 [0.51304763 0.48449241]
 [0.78653649 0.77730167]
 [0.40684405 0.38413723]
 [0.44164082 0.42875689]
 [1.46111877 1.24612066]
 [0.53768252 0.53755169]
 [0.25856994 0.25849894]
 [0.38166805 0.37383495]
 [0.75480352 0.72796952]
 [0.47146927 0.46429416]
 [0.30865553 0.30714126]
 [1.12388191 1.07122092]
 [0.42938672 0.42921226]
 [0.50222142 0.49326757]
 [0.51218016 0.49092073]
 [0.42976933 0.42940008]
 [0.18227561 0.17623344]
 [0.70212072 0.69211284]
 [0.62525066 0.61405691]
 [0.55235312 0.55070662]
 [0.58249358 0.57225241]
 [0.40729347 0.39991753]
 [0.27620823 0.27142635]
 [0.82819432 0.80434056]
 [0.33064578 0.33047337]
 [0.63225683 0.63119179]
 [0.3995445  0.38321371]
 [0.33586224 0.33473803]
 [0.15305317 0.15290183]
 [0.56170259 0.5547017 ]
 [0.61206969 0.61042283]
 [0.58985618 0.58181095]
 [0.99955844 0.94882484]
 [0.43364092 0.43259249]
 [0.55871783 0.53558309]
 [0.44148535 0.43226249]
 [0.40721895 0.40501996]
 [0.46150065 0.45803012]
 [0.71588102 0.71583307]
 [0.948377   0.906616  ]
 [0.56566643 0.54915663]
 [0.69090457 0.66132723]
 [0.78884396 0.75642666]
 [0.49371894 0.49234014]
 [0.44967861 0.43852144]
 [0.53580699 0.53465926]
 [0.32961188 0.3296054 ]
 [0.5465225  0.5378205 ]
 [0.41044205 0.40837585]
 [0.37294066 0.36383619]
 [0.5333875  0.53334073]
 [0.72479697 0.70124989]
 [0.71564582 0.69243238]
 [0.38664507 0.37820234]
 [0.75962445 0.75940362]
 [0.40068236 0.39102017]
 [0.87020467 0.83424768]
 [0.52121775 0.48520862]
 [0.62643398 0.61213131]
 [0.53664563 0.51645576]
 [0.58149852 0.56453003]
 [0.50069409 0.48797138]
 [0.63893257 0.62253543]
 [0.62905952 0.59450288]
 [0.72679784 0.72079928]
 [0.77660964 0.75186217]
 [0.26728266 0.26366003]
 [0.36091265 0.3601055 ]
 [0.43012574 0.41515626]
 [0.63058756 0.62863103]
 [0.41401585 0.4030329 ]
 [0.35509857 0.35455744]
 [0.78819021 0.78121072]
 [0.4128042  0.39898686]
 [0.31477003 0.31347193]
 [0.55925008 0.55553075]
 [0.44339413 0.43523679]
 [0.46750862 0.46425323]
 [0.73423658 0.71195582]
 [0.62767396 0.60626181]
 [0.61548366 0.59139403]
 [0.62516465 0.60402545]
 [0.53500177 0.53018581]
 [0.59906194 0.54643804]
 [0.21468104 0.21452831]
 [0.49125733 0.49104349]
 [0.44708529 0.44573764]
 [0.43946194 0.4371992 ]
 [0.49095984 0.49063248]
 [0.47007418 0.46517799]
 [0.25498116 0.25418724]
 [0.60564614 0.58606383]
 [0.5243357  0.52020276]
 [0.3101566  0.30349929]
 [0.67746034 0.64887056]
 [0.52318886 0.51306896]
 [0.6616347  0.6004794 ]
 [0.48988829 0.47581133]
 [0.45016214 0.42996782]
 [1.09378693 1.0070964 ]
 [0.62618945 0.5857741 ]
 [0.35543081 0.35121248]
 [0.34986326 0.34173154]
 [0.53810185 0.52501105]
 [0.247286   0.24663664]
 [0.67045593 0.64051085]
 [0.80417513 0.78583979]
 [0.46883315 0.45577146]
 [0.36116962 0.35588265]
 [0.67071685 0.6617318 ]
 [0.59628026 0.58898914]
 [0.30485715 0.30108701]
 [0.48419283 0.4834605 ]
 [0.3972701  0.38914033]
 [0.551998   0.54987397]
 [1.19954772 1.09644744]
 [0.3581003  0.35234712]
 [0.35692766 0.34776793]
 [0.56679338 0.55601153]
 [0.75617366 0.75426258]
 [0.93601369 0.66491359]
 [1.04507912 1.00612549]
 [0.54139855 0.52795265]
 [0.44750992 0.42733991]
 [0.34814617 0.34760908]
 [0.95836996 0.85249341]
 [1.07520839 0.95508583]
 [1.05766422 0.98794511]
 [0.31485734 0.31470413]
 [0.65535784 0.64858001]
 [0.31793921 0.31238182]
 [0.20735236 0.20726598]
 [0.38699852 0.38698428]
 [0.63782529 0.63567469]
 [0.8929818  0.80458397]
 [0.67848486 0.6715609 ]
 [0.64160958 0.630435  ]
 [0.33224215 0.32515018]
 [0.51432411 0.50869379]
 [0.43258455 0.41539758]
 [0.44164394 0.43730287]
 [0.85118677 0.78830612]
 [0.58536669 0.56841407]
 [0.20695438 0.2063087 ]
 [0.89060994 0.82281909]
 [0.39819119 0.3946406 ]
 [0.49906797 0.47986268]
 [0.66538737 0.62966106]
 [0.83456217 0.79044296]
 [0.42915364 0.42341661]
 [0.68134053 0.66005975]
 [0.84769677 0.84751718]
 [0.42548699 0.42379343]
 [1.7114812  1.42637887]
 [0.71439962 0.67445616]
 [0.29552929 0.29310392]
 [0.71979299 0.67886578]
 [0.46720867 0.46524816]
 [0.61989147 0.60455572]
 [0.16394244 0.16390183]
 [0.47397812 0.47094968]
 [0.59834634 0.58661907]
 [0.63629016 0.6168162 ]
 [0.65567873 0.62457756]
 [0.18830578 0.18807938]
 [0.51487192 0.50416281]
 [0.4485351  0.44277978]
 [0.50942005 0.49611093]
 [0.83124539 0.81686349]
 [0.64823073 0.62997565]
 [0.63053868 0.62989453]
 [0.40752159 0.3987914 ]
 [0.31467196 0.31302087]
 [0.2449937  0.24365051]
 [0.56348677 0.54801851]
 [0.56222745 0.52351029]
 [0.36542999 0.35585148]
 [0.62197316 0.56138451]
 [0.45972953 0.45404327]
 [0.51227331 0.51133303]
 [0.60809457 0.57636775]
 [0.46353955 0.4574604 ]
 [0.285198   0.25255197]
 [0.41496567 0.37986963]
 [0.20064205 0.19973207]
 [0.39038691 0.38462105]
 [0.4628856  0.46201382]
 [0.46325383 0.43392038]
 [0.4733271  0.45912283]
 [0.56422734 0.56406059]
 [0.55398344 0.53771265]
 [0.86775123 0.7574287 ]
 [0.43098107 0.41497858]
 [0.47073573 0.46591001]
 [1.0931093  1.07265597]
 [0.38653454 0.38310112]
 [0.36877922 0.36696139]
 [0.96761058 0.955252  ]
 [0.50101327 0.48138419]
 [0.45743626 0.43732859]
 [0.33989113 0.33979614]
 [0.35077836 0.35077297]
 [0.68123681 0.63701928]
 [0.89794639 0.7815904 ]
 [0.83034365 0.77767188]
 [0.42012035 0.40236484]
 [1.27036151 1.21795773]
 [0.53772757 0.53458493]
 [0.33593829 0.33557886]
 [0.42007452 0.4190067 ]
 [1.36701666 1.18807521]
 [0.83213002 0.79852959]
 [0.69150711 0.66175559]
 [0.6257829  0.60214048]
 [0.83091859 0.79786871]
 [0.72827224 0.70935483]
 [0.54505223 0.54281598]
 [0.51830123 0.48335646]
 [0.46704522 0.46096482]
 [0.37833567 0.37745398]
 [0.68241307 0.68227036]
 [0.62304833 0.61524631]
 [0.40896764 0.39876034]
 [0.3758389  0.37400591]
 [0.27707608 0.2716749 ]
 [0.53313717 0.53075729]
 [0.73280107 0.73073187]
 [0.44304427 0.43280728]
 [0.57102064 0.57093099]
 [0.36287147 0.35041699]
 [0.58581969 0.55593097]
 [0.80630965 0.76810961]
 [0.68069947 0.67662636]
 [0.52762062 0.50805903]
 [0.59173456 0.57653355]
 [0.68780593 0.68766939]
 [0.82503968 0.73045994]
 [0.47840198 0.46390345]
 [0.18645111 0.18633742]
 [0.42063362 0.41225739]
 [0.51662574 0.51653722]
 [0.40809441 0.39892389]
 [0.33707737 0.33392372]
 [0.40696131 0.40404097]
 [0.51896078 0.50934022]
 [0.82296466 0.79586002]
 [0.52533857 0.52398702]
 [0.93992526 0.90665756]
 [0.69092652 0.65483903]
 [0.74284317 0.5736111 ]
 [0.48114527 0.47642301]
 [0.67228491 0.54152673]
 [0.39120681 0.3850185 ]
 [0.53948948 0.52708324]
 [0.49467679 0.49467545]
 [0.39590163 0.39569927]
 [0.43913475 0.43464509]
 [0.64796946 0.63151681]
 [0.28193723 0.27276124]
 [0.3446901  0.34364236]]
[[1.10052548 1.03188126]
 [0.66022533 0.62379149]
 [0.44783681 0.43977649]
 [0.52796221 0.51087919]
 [0.5960113  0.53577479]
 [0.35292252 0.3453386 ]
 [0.52637802 0.50814953]
 [0.51781134 0.50083595]
 [0.4611214  0.45170944]
 [0.82656949 0.77726613]
 [0.3875136  0.37488071]
 [0.43276926 0.43213363]
 [0.72419502 0.72393318]
 [0.58195628 0.58151994]
 [0.49033273 0.48704188]
 [0.37067175 0.3706441 ]
 [0.56273695 0.56204828]
 [0.74928206 0.71893835]
 [0.5481402  0.5467939 ]
 [0.53790894 0.53691175]
 [0.99056235 0.90493701]
 [0.47572914 0.4647359 ]
 [0.94592334 0.89040502]
 [0.4797896  0.47277415]
 [0.25704836 0.25342202]
 [0.98954227 0.94121091]
 [0.57413059 0.56631445]
 [0.59177703 0.57446384]
 [0.44065455 0.43792942]
 [0.53213741 0.53208994]
 [0.52300529 0.51470588]
 [0.26399572 0.25934421]
 [0.41355319 0.4113003 ]
 [0.59655319 0.58275119]
 [0.4158776  0.40906781]
 [0.44297182 0.43121132]
 [0.42777374 0.42131051]
 [0.61546682 0.59409717]
 [0.51640032 0.51639266]
 [0.26499241 0.26210363]
 [0.43999057 0.43016943]
 [0.40968921 0.40243486]
 [0.5741985  0.55201853]
 [0.71373011 0.6543946 ]
 [0.39011578 0.38978   ]
 [0.56897774 0.55634898]
 [0.31269164 0.30758616]
 [0.78805559 0.73400956]
 [0.69638224 0.6131622 ]
 [0.46830898 0.46581048]
 [0.74380161 0.70970127]
 [0.41938367 0.41657252]
 [0.79706521 0.77203013]
 [0.49250333 0.46538133]
 [0.56329732 0.54128892]
 [0.64055095 0.62797526]
 [0.32564271 0.32432883]
 [0.44326453 0.44300859]
 [0.55497283 0.52895024]
 [0.57609265 0.57561784]
 [0.24738896 0.24687194]
 [0.7480404  0.7359067 ]
 [0.38892211 0.387233  ]
 [0.79206078 0.66909896]
 [0.49427604 0.4870732 ]
 [0.3606275  0.35759519]
 [1.00442881 0.93837777]
 [0.46624149 0.46390521]
 [0.51029861 0.49829707]
 [0.29492058 0.28934194]
 [0.65895237 0.64384536]
 [0.40513901 0.40507731]
 [0.67777922 0.66734629]
 [1.6046164  1.34277461]
 [0.22225217 0.22055915]
 [0.92559268 0.86886134]
 [0.33460511 0.33459431]
 [0.52167405 0.51274164]
 [0.63419815 0.61854728]
 [0.65748902 0.63422369]
 [0.36138095 0.35199828]
 [1.25335036 1.15202491]
 [0.36930751 0.35590077]
 [0.78823958 0.76114124]
 [0.54459291 0.52699598]
 [0.4791769  0.47575403]
 [0.42345074 0.42114689]
 [0.68046096 0.61262512]
 [0.58235308 0.57191367]
 [0.19796378 0.19794201]
 [0.27075359 0.26889488]
 [0.43645053 0.43123827]
 [0.88109811 0.85862621]
 [0.48473693 0.46373137]
 [0.65918655 0.61925204]
 [0.58310647 0.57041074]
 [0.26998371 0.26710651]
 [0.27572625 0.27321004]
 [0.20164147 0.20112369]
 [0.6833315  0.63977118]
 [0.32749371 0.32145412]
 [0.45703074 0.4426141 ]
 [0.41971681 0.41629449]
 [0.28783206 0.28352893]
 [0.53771354 0.51675629]
 [0.41873605 0.40661882]
 [0.98723273 0.834655  ]
 [0.31342864 0.30883111]
 [0.40792885 0.40029983]
 [0.41450542 0.41041724]
 [0.97728228 0.91624329]
 [0.56144813 0.54863268]
 [0.69793399 0.67346074]
 [0.64655804 0.64507228]
 [0.340397   0.33385476]
 [0.69431476 0.69410414]
 [0.54541517 0.53237034]
 [0.41182054 0.41160321]
 [0.68239829 0.68091128]
 [0.75899764 0.72073736]
 [0.69421804 0.64997454]
 [0.500491   0.49054868]
 [0.59122483 0.58671654]
 [0.92117698 0.86131172]
 [0.68606113 0.64467538]
 [0.47709004 0.46688931]
 [0.34956701 0.34726956]
 [0.38703356 0.38579471]
 [0.93694725 0.83246174]
 [0.57223261 0.55644821]
 [0.49066154 0.46899702]
 [0.28636197 0.28446001]
 [1.31546771 1.15356233]
 [0.45800524 0.4579962 ]
 [0.40820987 0.3914767 ]
 [0.41020296 0.39823176]
 [0.27004711 0.26974264]
 [0.46847275 0.46084759]
 [0.71234656 0.68794049]
 [0.44963078 0.44937046]
 [0.49938158 0.4581325 ]
 [0.40708021 0.40703348]
 [0.41547654 0.41060308]
 [0.46030089 0.44733336]
 [0.3590887  0.35535588]
 [0.44627177 0.44336958]
 [0.86141982 0.78311214]
 [0.43936354 0.43808906]
 [0.3806154  0.38058315]
 [0.52955943 0.5285687 ]
 [0.34076425 0.33943224]
 [0.68157835 0.67889759]
 [0.31045289 0.31017565]
 [0.51386104 0.48713523]
 [0.27482302 0.27398707]
 [0.63032729 0.61376889]
 [0.57146262 0.55414647]
 [0.43035705 0.43027054]
 [0.87705058 0.79123869]
 [0.92960696 0.84886046]
 [0.54725285 0.50446821]
 [0.64712912 0.61702776]
 [0.39221685 0.38857613]
 [0.18204647 0.1820437 ]
 [0.39554572 0.38338873]
 [0.47927546 0.47412255]
 [0.44817817 0.41732987]
 [0.53818472 0.53735745]
 [0.44069965 0.43294617]
 [0.42973862 0.42272196]
 [0.57022757 0.5683078 ]
 [0.63619852 0.60492594]
 [0.39118189 0.37532499]
 [0.42693279 0.42671448]
 [0.85090099 0.80848267]
 [0.60324721 0.56367656]
 [1.18581056 1.12715639]
 [0.61846826 0.58431259]
 [0.40380807 0.39790604]
 [0.36436217 0.36409231]
 [1.19519125 1.08824544]
 [0.59356985 0.56978544]
 [0.86914981 0.78089205]
 [0.33025427 0.33022154]
 [0.35673228 0.35666619]
 [0.21356181 0.21305003]
 [0.80861532 0.79629968]
 [0.43028174 0.42143297]
 [0.49908639 0.49302431]
 [0.24379787 0.24371904]
 [0.60839102 0.60014035]
 [0.4797208  0.47943743]
 [0.4293597  0.42380395]
 [0.49676549 0.47499802]
 [0.22524082 0.22515692]
 [1.14508541 1.02479554]
 [0.45671324 0.45319789]
 [0.40564236 0.39581853]
 [0.32794928 0.32637293]
 [0.39258957 0.3924807 ]
 [0.31881262 0.31459898]
 [0.9956274  0.92197975]
 [0.57920841 0.57797354]
 [0.31049223 0.30898762]
 [1.03970737 0.97588533]
 [0.36534472 0.3578981 ]
 [0.53339388 0.53148356]
 [0.36173366 0.36116518]
 [0.26092779 0.26081082]
 [1.28219719 1.17763025]
 [0.56901926 0.52889234]
 [0.60059533 0.59908172]
 [0.57314971 0.56733159]
 [0.35225294 0.35027151]
 [0.4206678  0.42014183]
 [0.79764937 0.77199053]
 [0.53620667 0.50490632]
 [0.60296043 0.57386089]
 [0.55707457 0.53583465]
 [0.51124495 0.49300611]
 [0.90423702 0.85741372]
 [0.44301146 0.43712345]
 [1.24383033 1.1502524 ]
 [0.62644688 0.57152534]
 [0.57653612 0.55857807]
 [0.61718638 0.60865967]
 [0.46918605 0.45787561]
 [0.49701737 0.4751993 ]
 [1.42149857 1.23939995]
 [0.23761433 0.2375925 ]
 [0.60955265 0.60918426]
 [0.45246511 0.45009783]
 [0.27253607 0.27182103]
 [0.53140225 0.53138857]
 [0.31500711 0.31070153]
 [0.30692216 0.29514282]
 [0.70022335 0.59195011]
 [0.43787474 0.41609755]
 [0.50387156 0.49163848]
 [0.59811994 0.58306006]
 [0.49429431 0.47895795]
 [0.31918082 0.31776957]
 [0.42422891 0.41944857]
 [0.39006124 0.37693166]
 [1.09465343 0.87579616]
 [0.90050512 0.85184372]
 [0.31034945 0.30909782]
 [0.38454592 0.38395379]
 [0.23378388 0.23273765]
 [0.2124261  0.21129949]
 [0.64007144 0.59864317]
 [0.84504662 0.8184987 ]
 [0.58788752 0.57777696]
 [0.49074452 0.4705959 ]
 [0.32977829 0.32293529]
 [0.36421907 0.35826655]
 [0.94891577 0.9129141 ]
 [0.315707   0.30951085]
 [0.73550164 0.73545055]
 [0.57618236 0.57153106]
 [0.79102946 0.73993751]
 [0.53248081 0.52442056]
 [0.74262277 0.7419296 ]
 [0.99877171 0.94898737]
 [0.52702207 0.50644023]
 [0.79965649 0.7434549 ]
 [0.40794093 0.40692497]
 [0.60924641 0.57468116]
 [0.39086405 0.38670641]
 [0.51458599 0.50035819]
 [0.45080903 0.43898425]
 [0.8568154  0.73404484]
 [1.13497773 1.08186992]
 [0.61655941 0.60997465]
 [0.28785517 0.28166231]
 [0.34118518 0.33316611]
 [0.52605797 0.51579003]
 [0.31011827 0.30177954]
 [0.82506498 0.79462021]
 [0.60872858 0.58812821]
 [1.06533446 1.05524442]
 [0.28709303 0.278174  ]
 [0.88866995 0.85231118]
 [0.51773771 0.5124233 ]
 [0.35665185 0.35472964]
 [0.58107663 0.56538584]
 [0.45052    0.44965726]
 [0.91264841 0.86147548]
 [0.50059218 0.49651213]
 [0.50269031 0.50141393]
 [0.84964848 0.82997154]
 [0.28629698 0.28538633]
 [0.54980787 0.53983653]
 [0.75190927 0.74674677]
 [0.45114277 0.44010088]
 [0.39398351 0.39237461]
 [0.56931531 0.55853006]
 [0.43811699 0.43802917]
 [0.4725962  0.46320931]
 [0.37472407 0.37095011]
 [0.62009902 0.57339485]
 [0.85828322 0.73227576]
 [0.47760618 0.47414499]
 [0.35242047 0.33822977]
 [0.89192672 0.80934557]
 [0.35129729 0.34708925]
 [0.72573294 0.71683489]
 [0.89949942 0.85276673]
 [0.36093611 0.35585535]
 [0.74555247 0.69190811]
 [0.50465864 0.50347073]
 [0.36321021 0.36290839]
 [0.46295291 0.46290118]
 [0.29765968 0.29563306]
 [0.28081953 0.27762128]
 [0.21784841 0.21783774]
 [0.4230075  0.41835282]
 [0.9378697  0.87284799]
 [0.24799762 0.24529975]
 [0.66706081 0.62884534]
 [0.28208683 0.28161695]
 [0.26310825 0.26010083]
 [0.50176513 0.48241071]
 [0.94507779 0.91497232]
 [0.40044879 0.3998285 ]
 [0.5947086  0.5688791 ]
 [0.93171273 0.89502797]
 [0.34972297 0.34362813]
 [0.46684007 0.46596328]
 [0.8570278  0.71132315]
 [1.70997001 1.69724648]
 [0.36717597 0.3644343 ]
 [0.56950024 0.49547967]
 [0.45131423 0.45093667]
 [0.57971903 0.57906282]
 [0.66052575 0.64004816]
 [0.61601629 0.61591464]
 [0.47157672 0.46078128]
 [0.38959767 0.37908225]
 [0.5333217  0.51254767]
 [0.26171846 0.26062647]
 [0.42305066 0.42113168]
 [0.35655246 0.34949528]
 [0.72254368 0.69174755]
 [0.23499686 0.23267968]
 [0.56348108 0.54347814]
 [0.55617666 0.54577164]
 [0.68949729 0.66625219]
 [0.46207801 0.45512594]
 [0.47318657 0.47279477]
 [0.3738853  0.37387257]
 [0.36526369 0.36458736]
 [0.3020268  0.29723659]
 [0.80108676 0.78900115]
 [0.51556561 0.50332845]
 [0.4439793  0.44296685]
 [0.52166782 0.51801804]
 [1.32433923 1.20769758]
 [0.74991873 0.71745781]
 [0.42371173 0.41623606]
 [0.59323481 0.586018  ]
 [0.46687644 0.46166472]
 [0.50049245 0.48106288]
 [0.46934446 0.46112837]
 [0.33406393 0.33117439]
 [0.23790373 0.23783448]
 [0.63392708 0.62572918]
 [0.60636546 0.60554359]
 [0.46619927 0.45145989]
 [0.73652657 0.69240272]
 [0.50381839 0.49552686]
 [0.55034777 0.54006164]
 [0.53026273 0.51999514]
 [0.60372237 0.60150959]
 [0.51171499 0.51160076]
 [0.42441805 0.42025468]
 [0.36404256 0.36273705]
 [0.43600378 0.42806378]
 [0.4510689  0.44746607]
 [0.85649128 0.79297099]
 [0.25290856 0.25134882]
 [0.60085793 0.59208185]
 [0.38182641 0.37703792]
 [0.35624427 0.35549142]
 [0.8310121  0.82776729]
 [0.38502918 0.37766178]
 [0.27319499 0.27263996]
 [0.44527106 0.42863784]
 [0.51549574 0.50588134]
 [0.69554835 0.67871127]
 [0.53685129 0.53004394]
 [0.78641043 0.77758666]
 [0.92852329 0.90550606]
 [0.65952699 0.64616626]
 [0.59914435 0.54992796]
 [0.75273365 0.73401444]
 [0.25181773 0.24586325]
 [0.74690593 0.74680563]
 [0.5396855  0.53798256]
 [0.48623119 0.47223703]
 [0.63862551 0.59520887]
 [0.83950898 0.79498858]
 [0.64324169 0.64156507]
 [0.61959547 0.61778585]
 [0.38430687 0.38210843]
 [0.72819821 0.72763073]
 [0.51364234 0.51364164]
 [0.37783627 0.37677467]
 [0.49431215 0.47288882]
 [0.56260408 0.54673802]
 [0.39717189 0.38752318]
 [0.29714379 0.29696956]
 [0.39987417 0.39004951]
 [0.70413576 0.69464134]
 [0.57185277 0.54781115]
 [0.86511583 0.83906518]
 [0.4429231  0.43505844]
 [0.29788332 0.29743339]
 [0.93461742 0.85610407]
 [0.77969767 0.73363205]
 [0.59939247 0.57186459]
 [0.52622229 0.51458199]
 [1.04176816 0.992904  ]
 [0.35690776 0.35649204]
 [0.67918352 0.65705545]
 [0.55530416 0.54950631]
 [0.46997538 0.46129269]
 [0.76372648 0.74086364]
 [0.81827341 0.77764309]
 [0.41421435 0.40914431]
 [0.4214117  0.41932486]
 [0.69359841 0.65658199]
 [0.39119659 0.39119214]
 [0.46507363 0.45664974]
 [1.21699536 1.15665648]
 [0.74180083 0.73394216]
 [0.41928007 0.41508592]
 [0.64263786 0.60779707]
 [0.66186544 0.66180909]
 [0.48728632 0.47321524]
 [0.41243207 0.41230902]
 [0.7471114  0.69376886]
 [1.16245898 1.07812472]
 [0.62200289 0.60703442]
 [0.55574823 0.52482265]
 [0.37403795 0.37163078]
 [0.34556592 0.34534112]
 [0.44284996 0.43804219]
 [0.32136784 0.31786797]
 [0.30729144 0.30421873]
 [0.66153034 0.66113312]
 [1.16484465 1.05026296]
 [0.62009652 0.59971333]
 [0.85015448 0.8250864 ]
 [0.57408082 0.55055307]
 [1.31280878 1.21313907]
 [0.44774198 0.41333768]
 [0.54088829 0.50707657]
 [0.63649046 0.62537308]
 [0.75770404 0.7380664 ]
 [0.49824191 0.48916776]
 [0.39551814 0.39192978]
 [0.45943322 0.45415393]
 [0.5846859  0.58142812]
 [0.58954827 0.56120651]
 [0.74169488 0.70122799]
 [0.23232372 0.23199736]
 [0.39503066 0.39483411]
 [0.56338078 0.55794338]
 [0.417671   0.39772615]
 [0.33355086 0.33294663]
 [0.51746659 0.51091689]
 [0.52261096 0.51419641]
 [0.63772189 0.61871701]
 [0.5512219  0.54902561]
 [0.53505002 0.51816072]
 [0.54124932 0.52258452]
 [0.3897164  0.38778404]
 [0.2972442  0.29435794]
 [0.35174951 0.35168847]
 [0.38526382 0.37741898]
 [0.49718866 0.49362891]
 [0.56851898 0.54632361]
 [0.49666422 0.49613014]
 [0.39082366 0.38589995]
 [0.39226958 0.39225145]
 [0.36565409 0.35172231]
 [0.51199484 0.51132906]
 [0.37922407 0.37867802]
 [0.61364942 0.59914914]
 [0.68022541 0.67438231]
 [0.88237427 0.84905378]
 [0.57199607 0.53838185]
 [0.64493404 0.5897262 ]
 [0.23382592 0.2337872 ]
 [0.7144302  0.65735541]
 [0.56050151 0.54860459]
 [0.56978099 0.5613337 ]
 [0.33042603 0.32651466]
 [0.26614147 0.26343533]]
Train: 0.07204469714105266
Test: 0.3484938680356223
[0.5422650643122885]
Value: 0.5422650643122885
