57
0.6270521716777766 0.46817763419861297
1.1480390544487413 0.9164595518890964
Inverse Propensity Score Weight STD and Mean 3.1797263952419694 0.5238593595489551
0.23356607578937746 56.50051302599464
1.281264686475644 2.0181202111399514
Optimal Policy Value: 1.3919306300848497
Epoch 99
Loss 0.482996
Epoch 199
Loss 0.376655
Epoch 299
Loss 0.356840
Epoch 399
Loss 0.349918
Epoch 499
Loss 0.342700
293.3259
Epoch 600, Loss 0.042649
Epoch 1200, Loss 0.039609
Epoch 1800, Loss 0.037485
Epoch 2400, Loss 0.036168
Epoch 3000, Loss 0.033503
Epoch 3600, Loss 0.032578
Epoch 4200, Loss 0.032398
Epoch 4800, Loss 0.031697
Epoch 5400, Loss 0.031517
Epoch 6000, Loss 0.030672
0.19679307508305183
0.06421899898091052
0.35420707902728493
DM Search Optimized Policy Value: 1.315290797031493
[1861 1514  500  639 1548 1831  171  421  834 1825  217 1238  235 1063
 1403 1662  561  994 1481 1154]
[[ 1.17391822  0.        ]
 [ 1.21089245  0.        ]
 [ 1.24362077  0.        ]
 [ 4.71008204  3.41192824]
 [ 3.39145336  2.068539  ]
 [ 7.16586962  5.840935  ]
 [ 4.03257697  2.70761345]
 [ 3.95241641  2.51584675]
 [ 3.56286381  2.08328861]
 [ 4.13279991  2.41318526]
 [ 4.89804461  3.05485047]
 [ 5.76314261  3.8746278 ]
 [ 4.46217981  2.53810414]
 [ 4.21721666  2.14708782]
 [ 5.19166553  3.07882255]
 [ 4.6779889   2.4752052 ]
 [ 4.43576062  2.20520033]
 [ 4.15772082  1.90547311]
 [10.35137646  7.89049059]
 [ 7.79058497  4.08986887]]
Over optimistic 0.029470654558807048
Epoch 99
Loss 0.443866
Epoch 199
Loss 0.383102
Epoch 299
Loss 0.370138
Epoch 399
Loss 0.336537
Epoch 499
Loss 0.346431
439.96677
Epoch 600, Loss 0.045547
Epoch 1200, Loss 0.040557
Epoch 1800, Loss 0.035108
Epoch 2400, Loss 0.034136
Epoch 3000, Loss 0.033604
Epoch 3600, Loss 0.034046
Epoch 4200, Loss 0.033804
Epoch 4800, Loss 0.033193
Epoch 5400, Loss 0.032320
Epoch 6000, Loss 0.032682
0.1947083204828724
0.051714493763737206
0.6705046729321783
DM Search Optimized Policy Value: 1.315565217366015
[1221  937 1895  639 1831  171 1548  421  834 1825  217 1304 1238  235
 1063 1403  561  994 1481 1154]
[[ 4.77027941  3.65544393]
 [ 3.79931429  2.65410276]
 [ 5.0442856   3.87516686]
 [ 4.71008204  3.41192824]
 [ 7.16586962  5.840935  ]
 [ 4.03257697  2.70761345]
 [ 3.39145336  2.06574874]
 [ 3.95241641  2.51264247]
 [ 3.56286381  2.08032707]
 [ 4.13279991  2.41318526]
 [ 4.89804461  3.05084919]
 [ 3.59968735  1.73851554]
 [ 5.76314261  3.8746278 ]
 [ 4.46217981  2.53810414]
 [ 4.21721666  2.14708782]
 [ 5.19166553  3.07882255]
 [ 4.43576062  2.20520033]
 [ 4.15772082  1.90547311]
 [10.35137646  7.89049059]
 [ 7.79058497  4.08986887]]
Over optimistic 0.029972875317738214
Epoch 99
Loss 0.466201
Epoch 199
Loss 0.353354
Epoch 299
Loss 0.343158
Epoch 399
Loss 0.337687
Epoch 499
Loss 0.331289
349.6352
Epoch 600, Loss 0.042038
Epoch 1200, Loss 0.038771
Epoch 1800, Loss 0.035873
Epoch 2400, Loss 0.034514
Epoch 3000, Loss 0.036089
Epoch 3600, Loss 0.033840
Epoch 4200, Loss 0.033947
Epoch 4800, Loss 0.032274
Epoch 5400, Loss 0.031921
Epoch 6000, Loss 0.032744
0.1967855318584556
0.05498233314131078
0.6943183699888754
DM Search Optimized Policy Value: 1.3427706341557255
[ 256  281   88 1149 1221  937 1895  639 1831  171  421  834 1825  217
 1238  235 1403  561 1481 1154]
[[ 3.62215357  2.73348425]
 [ 5.37936154  4.47620745]
 [ 3.85704686  2.87895021]
 [ 7.41912594  6.36701807]
 [ 4.77027941  3.65544393]
 [ 3.79931429  2.65410276]
 [ 5.0442856   3.87516686]
 [ 4.71008204  3.41192824]
 [ 7.16586962  5.840935  ]
 [ 4.03257697  2.70761345]
 [ 3.95241641  2.51905259]
 [ 3.56286381  2.08328861]
 [ 4.13279991  2.41318526]
 [ 4.89804461  3.05084919]
 [ 5.76314261  3.8746278 ]
 [ 4.46217981  2.53810414]
 [ 5.19166553  3.07882255]
 [ 4.43576062  2.20520033]
 [10.35137646  7.89049059]
 [ 7.79058497  4.08986887]]
Over optimistic 0.026246340791890924
Epoch 99
Loss 0.479557
Epoch 199
Loss 0.417807
Epoch 299
Loss 0.359164
Epoch 399
Loss 0.340250
Epoch 499
Loss 0.348048
357.04123
Epoch 600, Loss 0.044784
Epoch 1200, Loss 0.040387
Epoch 1800, Loss 0.037925
Epoch 2400, Loss 0.035485
Epoch 3000, Loss 0.035164
Epoch 3600, Loss 0.035350
Epoch 4200, Loss 0.034156
Epoch 4800, Loss 0.032610
Epoch 5400, Loss 0.032168
Epoch 6000, Loss 0.033865
0.19765431539183928
0.0604873802317216
0.3319900224032836
DM Search Optimized Policy Value: 1.3264109450148431
[1221  937 1895  862 1769  639 1548 1831  171  421  834 1825  217 1238
  235 1063 1403  561  994 1481]
[[ 4.77027941  3.65544393]
 [ 3.79931429  2.65410276]
 [ 5.0442856   3.87516686]
 [ 2.6846709   1.49786149]
 [ 2.76037107  1.52900717]
 [ 4.71008204  3.41192824]
 [ 3.39145336  2.068539  ]
 [ 7.16586962  5.840935  ]
 [ 4.03257697  2.70761345]
 [ 3.95241641  2.51264247]
 [ 3.56286381  2.08032707]
 [ 4.13279991  2.41318526]
 [ 4.89804461  3.05084919]
 [ 5.76314261  3.8746278 ]
 [ 4.46217981  2.53810414]
 [ 4.21721666  2.14708782]
 [ 5.19166553  3.07882255]
 [ 4.43576062  2.20520033]
 [ 4.15772082  1.90547311]
 [10.35137646  7.89049059]]
Over optimistic 0.03605436228553205
Epoch 99
Loss 0.462204
Epoch 199
Loss 0.370269
Epoch 299
Loss 0.351029
Epoch 399
Loss 0.355713
Epoch 499
Loss 0.340928
266.93936
Epoch 600, Loss 0.044069
Epoch 1200, Loss 0.040248
Epoch 1800, Loss 0.037267
Epoch 2400, Loss 0.034247
Epoch 3000, Loss 0.033547
Epoch 3600, Loss 0.032489
Epoch 4200, Loss 0.032240
Epoch 4800, Loss 0.032843
Epoch 5400, Loss 0.031142
Epoch 6000, Loss 0.030829
0.20039399754430837
0.07120520925816892
0.333508741358135
DM Search Optimized Policy Value: 1.2727874730740703
[ 421  834 1194 1797 1825 1582 1140  224  217 1328 1304 1371 1238  235
  748 1063 1403  561  994 1481]
[[ 3.95241641  2.51264247]
 [ 3.56286381  2.08032707]
 [ 2.80891647  1.25339291]
 [ 3.23964732  1.64987107]
 [ 4.13279991  2.41318526]
 [ 3.89544111  2.14305003]
 [ 3.29279654  1.50376622]
 [ 3.41310465  1.59912262]
 [ 4.89804461  3.05084919]
 [ 3.42430737  1.56683746]
 [ 3.59968735  1.73851554]
 [ 3.24968257  1.38847595]
 [ 5.76314261  3.8746278 ]
 [ 4.46217981  2.53810414]
 [ 3.60813273  1.59216619]
 [ 4.21721666  2.14708782]
 [ 5.19166553  3.07882255]
 [ 4.43576062  2.20520033]
 [ 4.15772082  1.90547311]
 [10.35137646  7.89049059]]
Over optimistic 0.08587010593206111
Train: 0.06052168307516981
Test: 0.4769057771419514
[1.315290797031493, 1.315565217366015, 1.3427706341557255, 1.3264109450148431, 1.2727874730740703]
Value: 1.3145650133284295
