Turn 0
0.0951 0.0000 0.0951 0.0951
0.1218 0.0344 0.1218 0.1218
0.1488 0.0684 0.1488 0.1488
0.1764 0.1022 0.1764 0.1764
0.2037 0.1357 0.2037 0.2037
0.2306 0.1688 0.2306 0.2306
0.2575 0.2017 0.2575 0.2575
0.2856 0.2343 0.2856 0.2856
0.3125 0.2665 0.3125 0.3125
0.3402 0.2985 0.3402 0.3402
0.3667 0.3302 0.3667 0.3667
0.3944 0.3615 0.3944 0.3944
0.4207 0.3926 0.4207 0.4207
0.4485 0.4234 0.4485 0.4485
0.4752 0.4539 0.4752 0.4752
0.5018 0.4840 0.5018 0.5018
0.5297 0.5139 0.5297 0.5297
0.5566 0.5435 0.5566 0.5566
0.5837 0.5728 0.5837 0.5837
0.6114 0.6017 0.6114 0.6114
0.6373 0.6304 0.6373 0.6373
0.6654 0.6588 0.6654 0.6654
0.6914 0.6869 0.6914 0.6914
0.7193 0.7147 0.7193 0.7193
0.7460 0.7422 0.7460 0.7460
0.7734 0.7693 0.7734 0.7734
0.8004 0.7962 0.8004 0.8004
0.8279 0.8228 0.8279 0.8279
0.8538 0.8491 0.8538 0.8538
0.8810 0.8751 0.8810 0.8810
0.9065 0.9008 0.9065 0.9065
0.9342 0.9262 0.9342 0.9342
0.9599 0.9513 0.9599 0.9599
0.9862 0.9761 0.9862 0.9862
1.0119 1.0005 1.0119 1.0119
1.0380 1.0247 1.0380 1.0380
1.0637 1.0486 1.0637 1.0637
1.0897 1.0722 1.0897 1.0897
1.1147 1.0955 1.1147 1.1147
1.1388 1.1185 1.1388 1.1388
1.1649 1.1412 1.1649 1.1649
1.1902 1.1636 1.1902 1.1902
1.2134 1.1857 1.2134 1.2134
1.2384 1.2075 1.2384 1.2384
1.2613 1.2290 1.2613 1.2613
1.2850 1.2502 1.2850 1.2850
1.3070 1.2711 1.3070 1.3070
1.3300 1.2918 1.3300 1.3300
1.3514 1.3121 1.3514 1.3514
1.3731 1.3321 1.3731 1.3731
1.3936 1.3518 1.3936 1.3936
1.4141 1.3712 1.4141 1.4141
1.4351 1.3903 1.4351 1.4351
1.4539 1.4091 1.4539 1.4539
1.4742 1.4276 1.4742 1.4742
1.4926 1.4458 1.4926 1.4926
1.5116 1.4637 1.5116 1.5116
1.5302 1.4814 1.5302 1.5302
1.5488 1.4987 1.5488 1.5488
1.5651 1.5157 1.5651 1.5651
1.5826 1.5324 1.5826 1.5826
1.5986 1.5488 1.5986 1.5986
1.6153 1.5650 1.6153 1.6153
1.6305 1.5808 1.6305 1.6305
1.6456 1.5963 1.6456 1.6456
1.6599 1.6115 1.6599 1.6599
1.6742 1.6264 1.6742 1.6742
1.6877 1.6411 1.6877 1.6877
1.7013 1.6554 1.7013 1.7013
1.7141 1.6694 1.7141 1.7141
1.7263 1.6832 1.7263 1.7263
1.7379 1.6966 1.7379 1.7379
1.7497 1.7097 1.7497 1.7497
1.7601 1.7225 1.7601 1.7601
1.7702 1.7351 1.7702 1.7702
1.7803 1.7473 1.7803 1.7803
1.7887 1.7592 1.7887 1.7887
1.7974 1.7709 1.7974 1.7974
1.8062 1.7822 1.8062 1.8062
1.8153 1.7932 1.8153 1.8153
1.8235 1.8040 1.8235 1.8235
1.8319 1.8144 1.8319 1.8319
1.8396 1.8246 1.8396 1.8396
1.8480 1.8344 1.8480 1.8480
1.8561 1.8439 1.8561 1.8561
1.8648 1.8532 1.8648 1.8648
1.8728 1.8621 1.8728 1.8728
1.8805 1.8708 1.8805 1.8805
1.8878 1.8791 1.8878 1.8878
1.8964 1.8872 1.8964 1.8964
1.9038 1.8949 1.9038 1.9038
1.9118 1.9024 1.9118 1.9118
1.9194 1.9095 1.9194 1.9194
1.9279 1.9164 1.9279 1.9279
1.9347 1.9229 1.9347 1.9347
1.9424 1.9292 1.9424 1.9424
1.9498 1.9351 1.9498 1.9498
1.9570 1.9408 1.9570 1.9570
1.9638 1.9461 1.9638 1.9638
1.9714 1.9512 1.9714 1.9714
1.9781 1.9559 1.9781 1.9781
1.9848 1.9604 1.9848 1.9848
1.9915 1.9645 1.9915 1.9915
1.9986 1.9684 1.9986 1.9986
2.0058 1.9720 2.0058 2.0058
2.0113 1.9752 2.0113 2.0113
2.0173 1.9782 2.0173 2.0173
2.0229 1.9809 2.0229 2.0229
2.0277 1.9832 2.0277 2.0277
2.0315 1.9853 2.0315 2.0315
2.0350 1.9870 2.0350 2.0350
2.0385 1.9885 2.0385 2.0385
2.0408 1.9897 2.0408 2.0408
2.0429 1.9905 2.0429 2.0429
2.0446 1.9911 2.0446 2.0446
2.0469 1.9914 2.0469 2.0469
2.0476 1.9914 2.0476 2.0476
2.0478 1.9910 2.0478 2.0478
2.0476 1.9904 2.0476 2.0476
2.0471 1.9895 2.0471 2.0471
2.0468 1.9883 2.0468 2.0468
2.0457 1.9867 2.0457 2.0457
2.0437 1.9849 2.0437 2.0437
2.0414 1.9828 2.0414 2.0414
2.0403 1.9804 2.0403 2.0403
2.0363 1.9776 2.0363 2.0363
2.0338 1.9746 2.0338 2.0338
2.0306 1.9713 2.0306 2.0306
2.0263 1.9677 2.0263 2.0263
2.0229 1.9638 2.0229 2.0229
2.0188 1.9596 2.0188 2.0188
2.0134 1.9550 2.0134 2.0134
2.0090 1.9502 2.0090 2.0090
2.0039 1.9451 2.0039 2.0039
1.9994 1.9397 1.9994 1.9994
1.9928 1.9340 1.9928 1.9928
1.9866 1.9280 1.9866 1.9866
1.9804 1.9217 1.9804 1.9804
1.9731 1.9151 1.9731 1.9731
1.9671 1.9082 1.9671 1.9671
1.9597 1.9010 1.9597 1.9597
1.9529 1.8935 1.9529 1.9529
1.9468 1.8857 1.9468 1.9468
1.9394 1.8776 1.9394 1.9394
1.9316 1.8692 1.9316 1.9316
1.9249 1.8605 1.9249 1.9249
1.9167 1.8515 1.9167 1.9167
1.9111 1.8422 1.9111 1.9111
1.9019 1.8326 1.9019 1.9019
1.8958 1.8227 1.8958 1.8958
1.8876 1.8125 1.8876 1.8876
1.8801 1.8020 1.8801 1.8801
1.8726 1.7912 1.8726 1.8726
1.8647 1.7801 1.8647 1.8647
1.8582 1.7687 1.8582 1.8582
1.8489 1.7570 1.8489 1.8489
1.8416 1.7450 1.8416 1.8416
1.8331 1.7327 1.8331 1.8331
1.8257 1.7201 1.8257 1.8257
1.8184 1.7072 1.8184 1.8184
1.8101 1.6941 1.8101 1.8101
1.8008 1.6806 1.8008 1.8008
1.7937 1.6668 1.7937 1.7937
1.7854 1.6527 1.7854 1.7854
1.7776 1.6383 1.7776 1.7776
1.7690 1.6236 1.7690 1.7690
1.7600 1.6087 1.7600 1.7600
1.7521 1.5934 1.7521 1.7521
1.7441 1.5778 1.7441 1.7441
1.7345 1.5619 1.7345 1.7345
1.7259 1.5457 1.7259 1.7259
1.7184 1.5293 1.7184 1.7184
1.7107 1.5125 1.7107 1.7107
1.7003 1.4954 1.7003 1.7003
1.6919 1.4780 1.6919 1.6919
1.6830 1.4604 1.6830 1.6830
1.6762 1.4424 1.6762 1.6762
1.6673 1.4241 1.6673 1.6673
1.6580 1.4056 1.6580 1.6580
1.6489 1.3867 1.6489 1.6489
1.6401 1.3675 1.6401 1.6401
1.6326 1.3481 1.6326 1.6326
1.6227 1.3283 1.6227 1.6227
1.6132 1.3082 1.6132 1.6132
1.6051 1.2879 1.6051 1.6051
1.5971 1.2672 1.5971 1.5971
1.5875 1.2462 1.5875 1.5875
1.5784 1.2250 1.5784 1.5784
1.5692 1.2034 1.5692 1.5692
1.5601 1.1816 1.5601 1.5601
1.5502 1.1594 1.5502 1.5502
1.5421 1.1369 1.5421 1.5421
1.5331 1.1142 1.5331 1.5331
1.5232 1.0911 1.5232 1.5232
1.5141 1.0678 1.5141 1.5141
1.5043 1.0441 1.5043 1.5043
1.4969 1.0202 1.4969 1.4969
1.4872 0.9959 1.4872 1.4872
1.4768 0.9714 1.4768 1.4768
1.4678 0.9465 1.4678 1.4678
1.4580 0.9214 1.4580 1.4580
Turn 0
-0.1074 0.0000 -0.1074 -0.1074
-0.0874 0.0131 -0.0874 -0.0874
-0.0682 0.0259 -0.0682 -0.0682
-0.0483 0.0386 -0.0483 -0.0483
-0.0300 0.0511 -0.0300 -0.0300
-0.0108 0.0634 -0.0108 -0.0108
0.0078 0.0755 0.0078 0.0078
0.0261 0.0875 0.0261 0.0261
0.0440 0.0992 0.0440 0.0440
0.0619 0.1107 0.0619 0.0619
0.0788 0.1221 0.0788 0.0788
0.0960 0.1332 0.0960 0.0960
0.1125 0.1442 0.1125 0.1125
0.1287 0.1550 0.1287 0.1287
0.1437 0.1656 0.1437 0.1437
0.1589 0.1760 0.1589 0.1589
0.1735 0.1862 0.1735 0.1735
0.1877 0.1962 0.1877 0.1877
0.2010 0.2060 0.2010 0.2010
0.2131 0.2157 0.2131 0.2131
0.2256 0.2251 0.2256 0.2256
0.2378 0.2344 0.2378 0.2378
0.2486 0.2434 0.2486 0.2486
0.2603 0.2523 0.2603 0.2603
0.2698 0.2610 0.2698 0.2698
0.2805 0.2695 0.2805 0.2805
0.2895 0.2778 0.2895 0.2895
0.2986 0.2859 0.2986 0.2986
0.3066 0.2938 0.3066 0.3066
0.3151 0.3016 0.3151 0.3151
0.3224 0.3091 0.3224 0.3224
0.3297 0.3164 0.3297 0.3297
0.3361 0.3236 0.3361 0.3361
0.3421 0.3306 0.3421 0.3421
0.3479 0.3374 0.3479 0.3479
0.3528 0.3439 0.3528 0.3528
0.3575 0.3503 0.3575 0.3575
0.3619 0.3566 0.3619 0.3619
0.3653 0.3626 0.3653 0.3653
0.3682 0.3684 0.3682 0.3682
0.3716 0.3740 0.3716 0.3716
0.3742 0.3795 0.3742 0.3742
0.3772 0.3847 0.3772 0.3772
0.3806 0.3898 0.3806 0.3806
0.3833 0.3947 0.3833 0.3833
0.3863 0.3994 0.3863 0.3863
0.3890 0.4039 0.3890 0.3890
0.3921 0.4082 0.3921 0.3921
0.3950 0.4123 0.3950 0.3950
0.3975 0.4162 0.3975 0.3975
0.4002 0.4199 0.4002 0.4002
0.4033 0.4235 0.4033 0.4033
0.4056 0.4268 0.4056 0.4056
0.4084 0.4300 0.4084 0.4084
0.4110 0.4330 0.4110 0.4110
0.4139 0.4358 0.4139 0.4139
0.4168 0.4384 0.4168 0.4168
0.4195 0.4408 0.4195 0.4195
0.4226 0.4430 0.4226 0.4226
0.4255 0.4450 0.4255 0.4255
0.4282 0.4468 0.4282 0.4282
0.4308 0.4485 0.4308 0.4308
0.4340 0.4499 0.4340 0.4340
0.4369 0.4512 0.4369 0.4369
0.4401 0.4522 0.4401 0.4401
0.4431 0.4531 0.4431 0.4431
0.4458 0.4538 0.4458 0.4458
0.4490 0.4543 0.4490 0.4490
0.4524 0.4546 0.4524 0.4524
0.4559 0.4547 0.4559 0.4559
0.4589 0.4546 0.4589 0.4589
0.4620 0.4544 0.4620 0.4620
0.4659 0.4539 0.4659 0.4659
0.4690 0.4533 0.4690 0.4690
0.4728 0.4524 0.4728 0.4728
0.4758 0.4514 0.4758 0.4758
0.4784 0.4502 0.4784 0.4784
0.4819 0.4488 0.4819 0.4819
0.4853 0.4472 0.4853 0.4853
0.4887 0.4454 0.4887 0.4887
0.4916 0.4434 0.4916 0.4916
0.4939 0.4413 0.4939 0.4939
0.4958 0.4389 0.4958 0.4958
0.4978 0.4363 0.4978 0.4978
0.4992 0.4336 0.4992 0.4992
0.5006 0.4307 0.5006 0.5006
0.5007 0.4276 0.5007 0.5007
0.5020 0.4242 0.5020 0.5020
0.5015 0.4207 0.5015 0.5015
0.5008 0.4170 0.5008 0.5008
0.5013 0.4132 0.5013 0.5013
0.5000 0.4091 0.5000 0.5000
0.4993 0.4048 0.4993 0.4993
0.4982 0.4004 0.4982 0.4982
0.4961 0.3957 0.4961 0.4961
0.4956 0.3909 0.4956 0.4956
0.4938 0.3859 0.4938 0.4938
0.4927 0.3807 0.4927 0.4927
0.4906 0.3752 0.4906 0.4906
0.4884 0.3697 0.4884 0.4884
0.4867 0.3639 0.4867 0.4867
0.4844 0.3579 0.4844 0.4844
0.4829 0.3517 0.4829 0.4829
0.4805 0.3454 0.4805 0.4805
0.4781 0.3388 0.4781 0.4781
0.4757 0.3321 0.4757 0.4757
0.4729 0.3251 0.4729 0.4729
0.4710 0.3180 0.4710 0.4710
0.4681 0.3107 0.4681 0.4681
0.4653 0.3032 0.4653 0.4653
0.4623 0.2955 0.4623 0.4623
0.4592 0.2876 0.4592 0.4592
0.4569 0.2796 0.4569 0.4569
0.4532 0.2713 0.4532 0.4532
0.4502 0.2629 0.4502 0.4502
0.4470 0.2542 0.4470 0.4470
0.4439 0.2454 0.4439 0.4439
0.4407 0.2364 0.4407 0.4407
0.4374 0.2271 0.4374 0.4374
0.4334 0.2177 0.4334 0.4334
0.4299 0.2081 0.4299 0.4299
0.4269 0.1984 0.4269 0.4269
0.4238 0.1884 0.4238 0.4238
0.4192 0.1782 0.4192 0.4192
0.4153 0.1679 0.4153 0.4153
0.4117 0.1573 0.4117 0.4117
0.4080 0.1466 0.4080 0.4080
0.4045 0.1356 0.4045 0.4045
0.4001 0.1245 0.4001 0.4001
0.3964 0.1132 0.3964 0.3964
0.3929 0.1017 0.3929 0.3929
0.3879 0.0900 0.3879 0.3879
0.3844 0.0781 0.3844 0.3844
0.3801 0.0661 0.3801 0.3801
0.3753 0.0538 0.3753 0.3753
0.3711 0.0414 0.3711 0.3711
0.3677 0.0287 0.3677 0.3677
0.3635 0.0159 0.3635 0.3635
0.3591 0.0029 0.3591 0.3591
0.3546 0.0000 0.3546 0.3546
0.3496 0.0000 0.3496 0.3496
0.3461 0.0000 0.3461 0.3461
0.3420 0.0000 0.3420 0.3420
0.3372 0.0000 0.3372 0.3372
0.3315 0.0000 0.3315 0.3315
0.3272 0.0000 0.3272 0.3272
0.3241 0.0000 0.3241 0.3241
0.3192 0.0000 0.3192 0.3192
0.3139 0.0000 0.3139 0.3139
0.3099 0.0000 0.3099 0.3099
0.3047 0.0000 0.3047 0.3047
0.3017 0.0000 0.3017 0.3017
0.2967 0.0000 0.2967 0.2967
0.2916 0.0000 0.2916 0.2916
0.2863 0.0000 0.2863 0.2863
0.2818 0.0000 0.2818 0.2818
0.2779 0.0000 0.2779 0.2779
0.2729 0.0000 0.2729 0.2729
0.2682 0.0000 0.2682 0.2682
0.2631 0.0000 0.2631 0.2631
0.2586 0.0000 0.2586 0.2586
0.2546 0.0000 0.2546 0.2546
0.2495 0.0000 0.2495 0.2495
0.2445 0.0000 0.2445 0.2445
0.2395 0.0000 0.2395 0.2395
0.2342 0.0000 0.2342 0.2342
0.2307 0.0000 0.2307 0.2307
0.2263 0.0000 0.2263 0.2263
0.2209 0.0000 0.2209 0.2209
0.2152 0.0000 0.2152 0.2152
0.2101 0.0000 0.2101 0.2101
0.2064 0.0000 0.2064 0.2064
0.2016 0.0000 0.2016 0.2016
0.1968 0.0000 0.1968 0.1968
0.1919 0.0000 0.1919 0.1919
0.1865 0.0000 0.1865 0.1865
0.1829 0.0000 0.1829 0.1829
0.1781 0.0000 0.1781 0.1781
0.1727 0.0000 0.1727 0.1727
0.1678 0.0000 0.1678 0.1678
0.1626 0.0000 0.1626 0.1626
0.1590 0.0000 0.1590 0.1590
0.1531 0.0000 0.1531 0.1531
0.1486 0.0000 0.1486 0.1486
0.1436 0.0000 0.1436 0.1436
0.1380 0.0000 0.1380 0.1380
0.1343 0.0000 0.1343 0.1343
0.1295 0.0000 0.1295 0.1295
0.1241 0.0000 0.1241 0.1241
0.1188 0.0000 0.1188 0.1188
0.1139 0.0000 0.1139 0.1139
0.1099 0.0000 0.1099 0.1099
0.1042 0.0000 0.1042 0.1042
0.0996 0.0000 0.0996 0.0996
0.0934 0.0000 0.0934 0.0934
0.0886 0.0000 0.0886 0.0886
0.0848 0.0000 0.0848 0.0848
0.0794 0.0000 0.0794 0.0794
0.0739 0.0000 0.0739 0.0739
0.0683 0.0000 0.0683 0.0683
0.0633 0.0000 0.0633 0.0633
Turn 0
0.1225 0.0000 0.1225 0.1225
0.1463 0.0320 0.1463 0.1463
0.1712 0.0635 0.1712 0.1712
0.1958 0.0948 0.1958 0.1958
0.2197 0.1256 0.2197 0.2197
0.2438 0.1560 0.2438 0.2438
0.2678 0.1861 0.2678 0.2678
0.2901 0.2158 0.2901 0.2901
0.3156 0.2451 0.3156 0.3156
0.3388 0.2740 0.3388 0.3388
0.3614 0.3025 0.3614 0.3614
0.3854 0.3307 0.3854 0.3854
0.4081 0.3585 0.4081 0.4081
0.4316 0.3859 0.4316 0.4316
0.4553 0.4129 0.4553 0.4553
0.4783 0.4395 0.4783 0.4783
0.5019 0.4658 0.5019 0.5019
0.5246 0.4917 0.5246 0.5246
0.5483 0.5172 0.5483 0.5483
0.5702 0.5423 0.5702 0.5702
0.5924 0.5670 0.5924 0.5924
0.6155 0.5914 0.6155 0.6155
0.6375 0.6154 0.6375 0.6375
0.6599 0.6390 0.6599 0.6599
0.6809 0.6622 0.6809 0.6809
0.7029 0.6850 0.7029 0.7029
0.7240 0.7075 0.7240 0.7240
0.7444 0.7296 0.7444 0.7444
0.7654 0.7513 0.7654 0.7654
0.7853 0.7726 0.7853 0.7853
0.8040 0.7935 0.8040 0.8040
0.8236 0.8141 0.8236 0.8236
0.8427 0.8343 0.8427 0.8427
0.8611 0.8541 0.8611 0.8611
0.8789 0.8735 0.8789 0.8789
0.8968 0.8925 0.8968 0.8968
0.9142 0.9112 0.9142 0.9142
0.9323 0.9295 0.9323 0.9323
0.9484 0.9474 0.9484 0.9484
0.9650 0.9649 0.9650 0.9650
0.9814 0.9820 0.9814 0.9814
0.9969 0.9988 0.9969 0.9969
1.0126 1.0152 1.0126 1.0126
1.0277 1.0312 1.0277 1.0277
1.0429 1.0468 1.0429 1.0429
1.0575 1.0620 1.0575 1.0575
1.0720 1.0769 1.0720 1.0720
1.0861 1.0914 1.0861 1.0861
1.0996 1.1054 1.0996 1.0996
1.1135 1.1192 1.1135 1.1135
1.1263 1.1325 1.1263 1.1263
1.1383 1.1455 1.1383 1.1383
1.1516 1.1580 1.1516 1.1516
1.1635 1.1702 1.1635 1.1635
1.1753 1.1820 1.1753 1.1753
1.1869 1.1935 1.1869 1.1869
1.1981 1.2045 1.1981 1.1981
1.2091 1.2152 1.2091 1.2091
1.2203 1.2255 1.2203 1.2203
1.2296 1.2354 1.2296 1.2296
1.2405 1.2450 1.2405 1.2405
1.2495 1.2541 1.2495 1.2495
1.2585 1.2629 1.2585 1.2585
1.2674 1.2713 1.2674 1.2674
1.2766 1.2793 1.2766 1.2766
1.2843 1.2869 1.2843 1.2843
1.2924 1.2942 1.2924 1.2924
1.2993 1.3011 1.2993 1.2993
1.3065 1.3076 1.3065 1.3065
1.3134 1.3137 1.3134 1.3134
1.3196 1.3194 1.3196 1.3196
1.3253 1.3248 1.3253 1.3253
1.3312 1.3297 1.3312 1.3312
1.3366 1.3343 1.3366 1.3366
1.3422 1.3385 1.3422 1.3422
1.3469 1.3424 1.3469 1.3469
1.3515 1.3458 1.3515 1.3515
1.3561 1.3489 1.3561 1.3561
1.3597 1.3516 1.3597 1.3597
1.3634 1.3539 1.3634 1.3634
1.3660 1.3558 1.3660 1.3660
1.3684 1.3574 1.3684 1.3684
1.3697 1.3586 1.3697 1.3697
1.3718 1.3593 1.3718 1.3718
1.3725 1.3598 1.3725 1.3725
1.3736 1.3598 1.3736 1.3736
1.3741 1.3594 1.3741 1.3741
1.3738 1.3587 1.3738 1.3738
1.3735 1.3576 1.3735 1.3735
1.3725 1.3561 1.3725 1.3725
1.3712 1.3542 1.3712 1.3712
1.3696 1.3520 1.3696 1.3696
1.3677 1.3494 1.3677 1.3677
1.3656 1.3464 1.3656 1.3656
1.3627 1.3430 1.3627 1.3627
1.3601 1.3392 1.3601 1.3601
1.3564 1.3350 1.3564 1.3564
1.3530 1.3305 1.3530 1.3530
1.3499 1.3256 1.3499 1.3499
1.3452 1.3203 1.3452 1.3452
1.3408 1.3146 1.3408 1.3408
1.3365 1.3086 1.3365 1.3365
1.3315 1.3022 1.3315 1.3315
1.3257 1.2953 1.3257 1.3257
1.3202 1.2882 1.3202 1.3202
1.3144 1.2806 1.3144 1.3144
1.3087 1.2726 1.3087 1.3087
1.3025 1.2643 1.3025 1.3025
1.2959 1.2556 1.2959 1.2959
1.2894 1.2465 1.2894 1.2894
1.2825 1.2370 1.2825 1.2825
1.2743 1.2272 1.2743 1.2743
1.2677 1.2169 1.2677 1.2677
1.2604 1.2063 1.2604 1.2604
1.2523 1.1953 1.2523 1.2523
1.2437 1.1840 1.2437 1.2437
1.2359 1.1722 1.2359 1.2359
1.2280 1.1601 1.2280 1.2280
1.2186 1.1476 1.2186 1.2186
1.2100 1.1347 1.2100 1.2100
1.2011 1.1214 1.2011 1.2011
1.1925 1.1077 1.1925 1.1925
1.1833 1.0937 1.1833 1.1833
1.1726 1.0793 1.1726 1.1726
1.1637 1.0645 1.1637 1.1637
1.1536 1.0493 1.1536 1.1536
1.1446 1.0338 1.1446 1.1446
1.1342 1.0178 1.1342 1.1342
1.1228 1.0015 1.1228 1.1228
1.1133 0.9848 1.1133 1.1133
1.1029 0.9677 1.1029 1.1029
1.0931 0.9503 1.0931 1.0931
1.0810 0.9325 1.0810 1.0810
1.0699 0.9142 1.0699 1.0699
1.0600 0.8956 1.0600 1.0600
1.0484 0.8767 1.0484 1.0484
1.0360 0.8573 1.0360 1.0360
1.0259 0.8376 1.0259 1.0259
1.0143 0.8175 1.0143 1.0143
1.0032 0.7970 1.0032 1.0032
0.9902 0.7761 0.9902 0.9902
0.9792 0.7548 0.9792 0.9792
0.9675 0.7332 0.9675 0.9675
0.9557 0.7112 0.9557 0.9557
0.9435 0.6888 0.9435 0.9435
0.9310 0.6660 0.9310 0.9310
0.9199 0.6428 0.9199 0.9199
0.9084 0.6193 0.9084 0.9084
0.8958 0.5954 0.8958 0.8958
0.8843 0.5711 0.8843 0.8843
0.8728 0.5464 0.8728 0.8728
0.8615 0.5214 0.8615 0.8615
0.8504 0.4959 0.8504 0.8504
0.8379 0.4701 0.8379 0.8379
0.8270 0.4439 0.8270 0.8270
0.8158 0.4173 0.8158 0.8158
0.8055 0.3904 0.8055 0.8055
0.7933 0.3630 0.7933 0.7933
0.7819 0.3353 0.7819 0.7819
0.7719 0.3072 0.7719 0.7719
0.7604 0.2787 0.7604 0.7604
0.7491 0.2499 0.7491 0.7491
0.7382 0.2206 0.7382 0.7382
0.7272 0.1910 0.7272 0.7272
0.7172 0.1610 0.7172 0.7172
0.7069 0.1306 0.7069 0.7069
0.6960 0.0999 0.6960 0.6960
0.6858 0.0687 0.6858 0.6858
0.6754 0.0372 0.6754 0.6754
0.6635 0.0053 0.6635 0.6635
0.6547 0.0000 0.6547 0.6547
0.6443 0.0000 0.6443 0.6443
0.6345 0.0000 0.6345 0.6345
0.6226 0.0000 0.6226 0.6226
0.6130 0.0000 0.6130 0.6130
0.6037 0.0000 0.6037 0.6037
0.5938 0.0000 0.5938 0.5938
0.5838 0.0000 0.5838 0.5838
0.5731 0.0000 0.5731 0.5731
0.5631 0.0000 0.5631 0.5631
0.5547 0.0000 0.5547 0.5547
0.5449 0.0000 0.5449 0.5449
0.5340 0.0000 0.5340 0.5340
0.5247 0.0000 0.5247 0.5247
0.5148 0.0000 0.5148 0.5148
0.5064 0.0000 0.5064 0.5064
0.4963 0.0000 0.4963 0.4963
0.4866 0.0000 0.4866 0.4866
0.4769 0.0000 0.4769 0.4769
0.4678 0.0000 0.4678 0.4678
0.4590 0.0000 0.4590 0.4590
0.4495 0.0000 0.4495 0.4495
0.4408 0.0000 0.4408 0.4408
0.4312 0.0000 0.4312 0.4312
0.4213 0.0000 0.4213 0.4213
0.4137 0.0000 0.4137 0.4137
0.4041 0.0000 0.4041 0.4041
0.3949 0.0000 0.3949 0.3949
0.3856 0.0000 0.3856 0.3856
0.3765 0.0000 0.3765 0.3765
0.3685 0.0000 0.3685 0.3685
Turn 0
0.0341 0.0000 0.0341 0.0341
0.0701 0.0392 0.0701 0.0701
0.1052 0.0780 0.1052 0.1052
0.1406 0.1165 0.1406 0.1406
0.1760 0.1547 0.1760 0.1760
0.2125 0.1925 0.2125 0.2125
0.2480 0.2301 0.2480 0.2480
0.2839 0.2673 0.2839 0.2839
0.3200 0.3042 0.3200 0.3200
0.3561 0.3408 0.3561 0.3561
0.3908 0.3770 0.3908 0.3908
0.4265 0.4130 0.4265 0.4265
0.4610 0.4486 0.4610 0.4610
0.4957 0.4839 0.4957 0.4957
0.5293 0.5188 0.5293 0.5293
0.5638 0.5535 0.5638 0.5638
0.5966 0.5878 0.5966 0.5966
0.6302 0.6218 0.6302 0.6302
0.6628 0.6555 0.6628 0.6628
0.6960 0.6889 0.6960 0.6960
0.7272 0.7219 0.7272 0.7272
0.7598 0.7546 0.7598 0.7598
0.7906 0.7870 0.7906 0.7906
0.8219 0.8191 0.8219 0.8219
0.8527 0.8508 0.8527 0.8527
0.8833 0.8823 0.8833 0.8833
0.9130 0.9134 0.9130 0.9130
0.9436 0.9441 0.9436 0.9436
0.9726 0.9746 0.9726 0.9726
1.0028 1.0048 1.0028 1.0028
1.0313 1.0346 1.0313 1.0313
1.0611 1.0641 1.0611 1.0611
1.0892 1.0933 1.0892 1.0892
1.1178 1.1221 1.1178 1.1178
1.1468 1.1506 1.1468 1.1468
1.1745 1.1788 1.1745 1.1745
1.2030 1.2067 1.2030 1.2030
1.2301 1.2343 1.2301 1.2301
1.2572 1.2616 1.2572 1.2572
1.2847 1.2885 1.2847 1.2847
1.3123 1.3151 1.3123 1.3123
1.3395 1.3414 1.3395 1.3395
1.3667 1.3673 1.3667 1.3667
1.3933 1.3930 1.3933 1.3933
1.4198 1.4183 1.4198 1.4198
1.4462 1.4433 1.4462 1.4462
1.4718 1.4679 1.4718 1.4718
1.4984 1.4923 1.4984 1.4984
1.5243 1.5163 1.5243 1.5243
1.5494 1.5400 1.5494 1.5494
1.5744 1.5634 1.5744 1.5744
1.5983 1.5865 1.5983 1.5983
1.6233 1.6092 1.6233 1.6233
1.6475 1.6316 1.6475 1.6475
1.6719 1.6537 1.6719 1.6719
1.6951 1.6755 1.6951 1.6951
1.7187 1.6970 1.7187 1.7187
1.7411 1.7181 1.7411 1.7411
1.7642 1.7389 1.7642 1.7642
1.7857 1.7594 1.7857 1.7857
1.8085 1.7796 1.8085 1.8085
1.8290 1.7994 1.8290 1.8290
1.8508 1.8189 1.8508 1.8508
1.8708 1.8381 1.8708 1.8708
1.8915 1.8570 1.8915 1.8915
1.9111 1.8756 1.9111 1.9111
1.9317 1.8938 1.9317 1.9317
1.9507 1.9117 1.9507 1.9507
1.9701 1.9293 1.9701 1.9701
1.9881 1.9466 1.9881 1.9881
2.0068 1.9635 2.0068 2.0068
2.0241 1.9802 2.0241 2.0241
2.0414 1.9965 2.0414 2.0414
2.0584 2.0125 2.0584 2.0584
2.0759 2.0281 2.0759 2.0759
2.0913 2.0435 2.0913 2.0913
2.1071 2.0585 2.1071 2.1071
2.1228 2.0732 2.1228 2.1228
2.1377 2.0876 2.1377 2.1377
2.1530 2.1016 2.1530 2.1530
2.1665 2.1153 2.1665 2.1665
2.1810 2.1287 2.1810 2.1810
2.1936 2.1418 2.1936 2.1936
2.2071 2.1546 2.2071 2.2071
2.2195 2.1670 2.2195 2.2195
2.2319 2.1792 2.2319 2.2319
2.2431 2.1910 2.2431 2.2431
2.2536 2.2025 2.2536 2.2536
2.2632 2.2136 2.2632 2.2632
2.2724 2.2244 2.2724 2.2724
2.2812 2.2350 2.2812 2.2812
2.2897 2.2452 2.2897 2.2897
2.2968 2.2550 2.2968 2.2968
2.3045 2.2646 2.3045 2.3045
2.3115 2.2738 2.3115 2.3115
2.3178 2.2827 2.3178 2.3178
2.3238 2.2913 2.3238 2.3238
2.3297 2.2996 2.3297 2.3297
2.3352 2.3075 2.3352 2.3352
2.3401 2.3151 2.3401 2.3401
2.3445 2.3224 2.3445 2.3445
2.3489 2.3294 2.3489 2.3489
2.3523 2.3360 2.3523 2.3523
2.3562 2.3424 2.3562 2.3562
2.3592 2.3484 2.3592 2.3592
2.3620 2.3541 2.3620 2.3620
2.3643 2.3594 2.3643 2.3643
2.3665 2.3645 2.3665 2.3665
2.3687 2.3692 2.3687 2.3687
2.3700 2.3736 2.3700 2.3700
2.3718 2.3777 2.3718 2.3718
2.3728 2.3814 2.3728 2.3728
2.3728 2.3849 2.3728 2.3728
2.3734 2.3880 2.3734 2.3734
2.3727 2.3908 2.3727 2.3727
2.3729 2.3932 2.3729 2.3729
2.3725 2.3954 2.3725 2.3725
2.3727 2.3972 2.3727 2.3727
2.3709 2.3987 2.3709 2.3709
2.3706 2.3999 2.3706 2.3706
2.3690 2.4008 2.3690 2.3690
2.3673 2.4013 2.3673 2.3673
2.3654 2.4015 2.3654 2.3654
2.3634 2.4014 2.3634 2.3634
2.3617 2.4010 2.3617 2.3617
2.3587 2.4002 2.3587 2.3587
2.3561 2.3992 2.3561 2.3561
2.3534 2.3978 2.3534 2.3534
2.3506 2.3961 2.3506 2.3506
2.3469 2.3940 2.3469 2.3469
2.3448 2.3917 2.3448 2.3448
2.3408 2.3890 2.3408 2.3408
2.3370 2.3860 2.3370 2.3370
2.3338 2.3827 2.3338 2.3338
2.3305 2.3790 2.3305 2.3305
2.3256 2.3751 2.3256 2.3256
2.3219 2.3708 2.3219 2.3219
2.3178 2.3662 2.3178 2.3178
2.3130 2.3613 2.3130 2.3130
2.3095 2.3560 2.3095 2.3095
2.3036 2.3504 2.3036 2.3036
2.2994 2.3445 2.2994 2.2994
2.2948 2.3383 2.2948 2.2948
2.2903 2.3318 2.2903 2.2903
2.2843 2.3249 2.2843 2.2843
2.2792 2.3177 2.2792 2.2792
2.2751 2.3102 2.2751 2.2751
2.2686 2.3024 2.2686 2.2686
2.2631 2.2943 2.2631 2.2631
2.2581 2.2858 2.2581 2.2581
2.2523 2.2770 2.2523 2.2523
2.2468 2.2679 2.2468 2.2468
2.2404 2.2584 2.2404 2.2404
2.2340 2.2487 2.2340 2.2340
2.2285 2.2386 2.2285 2.2285
2.2225 2.2282 2.2225 2.2225
2.2171 2.2175 2.2171 2.2171
2.2105 2.2064 2.2105 2.2105
2.2032 2.1951 2.2032 2.2032
2.1977 2.1834 2.1977 2.1977
2.1913 2.1714 2.1913 2.1913
2.1845 2.1590 2.1845 2.1845
2.1777 2.1464 2.1777 2.1777
2.1708 2.1334 2.1708 2.1708
2.1642 2.1201 2.1642 2.1642
2.1571 2.1065 2.1571 2.1571
2.1511 2.0926 2.1511 2.1511
2.1437 2.0783 2.1437 2.1437
2.1378 2.0637 2.1378 2.1378
2.1303 2.0488 2.1303 2.1303
2.1231 2.0336 2.1231 2.1231
2.1162 2.0180 2.1162 2.1162
2.1083 2.0022 2.1083 2.1083
2.1011 1.9860 2.1011 2.1011
2.0939 1.9695 2.0939 2.0939
2.0869 1.9526 2.0869 2.0869
2.0799 1.9355 2.0799 2.0799
2.0721 1.9180 2.0721 2.0721
2.0635 1.9002 2.0635 2.0635
2.0569 1.8821 2.0569 2.0569
2.0500 1.8636 2.0500 2.0500
2.0424 1.8449 2.0424 2.0424
2.0336 1.8258 2.0336 2.0336
2.0259 1.8064 2.0259 2.0259
2.0175 1.7866 2.0175 2.0175
2.0118 1.7666 2.0118 2.0118
2.0037 1.7462 2.0037 2.0037
1.9953 1.7255 1.9953 1.9953
1.9875 1.7045 1.9875 1.9875
1.9796 1.6831 1.9796 1.9796
1.9717 1.6615 1.9717 1.9717
1.9635 1.6395 1.9635 1.9635
1.9563 1.6172 1.9563 1.9563
1.9474 1.5946 1.9474 1.9474
1.9388 1.5716 1.9388 1.9388
1.9321 1.5483 1.9321 1.9321
1.9243 1.5247 1.9243 1.9243
1.9157 1.5008 1.9157 1.9157
1.9063 1.4766 1.9063 1.9063
1.8983 1.4520 1.8983 1.8983
1.8909 1.4272 1.8909 1.8909
Turn 0
-0.1398 0.0000 -0.1398 -0.1398
-0.1154 0.0152 -0.1154 -0.1154
-0.0917 0.0303 -0.0917 -0.0917
-0.0680 0.0452 -0.0680 -0.0680
-0.0448 0.0599 -0.0448 -0.0448
-0.0214 0.0745 -0.0214 -0.0214
0.0014 0.0890 0.0014 0.0014
0.0242 0.1033 0.0242 0.0242
0.0468 0.1175 0.0468 0.0468
0.0694 0.1315 0.0694 0.0694
0.0905 0.1453 0.0905 0.0905
0.1120 0.1591 0.1120 0.1120
0.1317 0.1726 0.1317 0.1317
0.1520 0.1860 0.1520 0.1520
0.1710 0.1993 0.1710 0.1710
0.1901 0.2124 0.1901 0.1901
0.2086 0.2254 0.2086 0.2086
0.2265 0.2382 0.2265 0.2265
0.2435 0.2509 0.2435 0.2435
0.2602 0.2634 0.2602 0.2602
0.2769 0.2758 0.2769 0.2769
0.2923 0.2880 0.2923 0.2923
0.3086 0.3001 0.3086 0.3086
0.3235 0.3120 0.3235 0.3235
0.3385 0.3238 0.3385 0.3385
0.3532 0.3355 0.3532 0.3532
0.3669 0.3469 0.3669 0.3669
0.3807 0.3583 0.3807 0.3807
0.3936 0.3695 0.3936 0.3936
0.4069 0.3805 0.4069 0.4069
0.4186 0.3914 0.4186 0.4186
0.4314 0.4021 0.4314 0.4314
0.4426 0.4127 0.4426 0.4426
0.4541 0.4232 0.4541 0.4541
0.4646 0.4335 0.4646 0.4646
0.4756 0.4436 0.4756 0.4756
0.4855 0.4536 0.4855 0.4855
0.4955 0.4634 0.4955 0.4955
0.5047 0.4731 0.5047 0.5047
0.5136 0.4827 0.5136 0.5136
0.5221 0.4921 0.5221 0.5221
0.5301 0.5014 0.5301 0.5301
0.5379 0.5105 0.5379 0.5379
0.5457 0.5194 0.5457 0.5457
0.5527 0.5282 0.5527 0.5527
0.5593 0.5369 0.5593 0.5593
0.5657 0.5454 0.5657 0.5657
0.5714 0.5537 0.5714 0.5714
0.5770 0.5619 0.5770 0.5770
0.5820 0.5700 0.5820 0.5820
0.5865 0.5779 0.5865 0.5865
0.5910 0.5857 0.5910 0.5910
0.5957 0.5933 0.5957 0.5957
0.6003 0.6008 0.6003 0.6003
0.6052 0.6081 0.6052 0.6052
0.6090 0.6153 0.6090 0.6090
0.6139 0.6223 0.6139 0.6139
0.6185 0.6291 0.6185 0.6185
0.6228 0.6359 0.6228 0.6228
0.6278 0.6424 0.6278 0.6278
0.6322 0.6489 0.6322 0.6322
0.6368 0.6551 0.6368 0.6368
0.6413 0.6613 0.6413 0.6413
0.6453 0.6672 0.6453 0.6453
0.6504 0.6731 0.6504 0.6504
0.6552 0.6788 0.6552 0.6552
0.6600 0.6843 0.6600 0.6600
0.6645 0.6897 0.6645 0.6645
0.6693 0.6949 0.6693 0.6693
0.6741 0.7000 0.6741 0.6741
0.6792 0.7049 0.6792 0.6792
0.6836 0.7097 0.6836 0.6836
0.6892 0.7144 0.6892 0.6892
0.6944 0.7188 0.6944 0.6944
0.7000 0.7232 0.7000 0.7000
0.7058 0.7274 0.7058 0.7058
0.7114 0.7314 0.7114 0.7114
0.7174 0.7353 0.7174 0.7174
0.7238 0.7391 0.7238 0.7238
0.7306 0.7427 0.7306 0.7306
0.7379 0.7461 0.7379 0.7379
0.7446 0.7494 0.7446 0.7446
0.7510 0.7526 0.7510 0.7510
0.7572 0.7556 0.7572 0.7572
0.7632 0.7584 0.7632 0.7632
0.7696 0.7611 0.7696 0.7696
0.7749 0.7637 0.7749 0.7749
0.7801 0.7661 0.7801 0.7801
0.7848 0.7683 0.7848 0.7848
0.7901 0.7705 0.7901 0.7901
0.7940 0.7724 0.7940 0.7940
0.7984 0.7742 0.7984 0.7984
0.8023 0.7759 0.8023 0.8023
0.8058 0.7774 0.8058 0.8058
0.8089 0.7788 0.8089 0.8089
0.8127 0.7800 0.8127 0.8127
0.8150 0.7811 0.8150 0.8150
0.8181 0.7820 0.8181 0.8181
0.8199 0.7827 0.8199 0.8199
0.8219 0.7834 0.8219 0.8219
0.8242 0.7838 0.8242 0.8242
0.8253 0.7842 0.8253 0.8253
0.8274 0.7843 0.8274 0.8274
0.8284 0.7844 0.8284 0.8284
0.8289 0.7842 0.8289 0.8289
0.8308 0.7840 0.8308 0.8308
0.8309 0.7835 0.8309 0.8309
0.8323 0.7830 0.8323 0.8323
0.8324 0.7823 0.8324 0.8324
0.8331 0.7814 0.8331 0.8331
0.8328 0.7804 0.8328 0.8328
0.8325 0.7792 0.8325 0.8325
0.8330 0.7779 0.8330 0.8330
0.8328 0.7764 0.8328 0.8328
0.8320 0.7748 0.8320 0.8320
0.8316 0.7731 0.8316 0.8316
0.8301 0.7712 0.8301 0.8301
0.8298 0.7691 0.8298 0.8298
0.8281 0.7669 0.8281 0.8281
0.8269 0.7645 0.8269 0.8269
0.8259 0.7620 0.8259 0.8259
0.8245 0.7594 0.8245 0.8245
0.8232 0.7566 0.8232 0.8232
0.8213 0.7536 0.8213 0.8213
0.8194 0.7505 0.8194 0.8194
0.8175 0.7473 0.8175 0.8175
0.8158 0.7439 0.8158 0.8158
0.8134 0.7404 0.8134 0.8134
0.8112 0.7367 0.8112 0.8112
0.8087 0.7328 0.8087 0.8087
0.8069 0.7288 0.8069 0.8069
0.8044 0.7247 0.8044 0.8044
0.8015 0.7204 0.8015 0.8015
0.7990 0.7160 0.7990 0.7990
0.7967 0.7114 0.7967 0.7967
0.7937 0.7066 0.7937 0.7937
0.7907 0.7017 0.7907 0.7907
0.7882 0.6967 0.7882 0.7882
0.7849 0.6915 0.7849 0.7849
0.7814 0.6862 0.7814 0.7814
0.7785 0.6807 0.7785 0.7785
0.7745 0.6751 0.7745 0.7745
0.7717 0.6693 0.7717 0.7717
0.7684 0.6634 0.7684 0.7684
0.7642 0.6573 0.7642 0.7642
0.7608 0.6511 0.7608 0.7608
0.7575 0.6447 0.7575 0.7575
0.7544 0.6382 0.7544 0.7544
0.7498 0.6315 0.7498 0.7498
0.7457 0.6247 0.7457 0.7457
0.7417 0.6177 0.7417 0.7417
0.7385 0.6106 0.7385 0.7385
0.7350 0.6034 0.7350 0.7350
0.7302 0.5959 0.7302 0.7302
0.7258 0.5884 0.7258 0.7258
0.7215 0.5807 0.7215 0.7215
0.7181 0.5728 0.7181 0.7181
0.7136 0.5648 0.7136 0.7136
0.7096 0.5566 0.7096 0.7096
0.7049 0.5483 0.7049 0.7049
0.7003 0.5399 0.7003 0.7003
0.6963 0.5313 0.6963 0.6963
0.6924 0.5225 0.6924 0.6924
0.6869 0.5136 0.6869 0.6869
0.6828 0.5046 0.6828 0.6828
0.6774 0.4954 0.6774 0.6774
0.6740 0.4860 0.6740 0.6740
0.6691 0.4765 0.6691 0.6691
0.6645 0.4669 0.6645 0.6645
0.6590 0.4571 0.6590 0.6590
0.6542 0.4471 0.6542 0.6542
0.6506 0.4371 0.6506 0.6506
0.6457 0.4268 0.6457 0.6457
0.6400 0.4164 0.6400 0.6400
0.6350 0.4059 0.6350 0.6350
0.6302 0.3952 0.6302 0.6302
0.6263 0.3844 0.6263 0.6263
0.6211 0.3734 0.6211 0.6211
0.6158 0.3622 0.6158 0.6158
0.6103 0.3510 0.6103 0.6103
0.6056 0.3395 0.6056 0.6056
0.6013 0.3279 0.6013 0.6013
0.5959 0.3162 0.5959 0.5959
0.5905 0.3043 0.5905 0.5905
0.5854 0.2923 0.5854 0.5854
0.5801 0.2801 0.5801 0.5801
0.5757 0.2678 0.5757 0.5757
0.5703 0.2553 0.5703 0.5703
0.5649 0.2427 0.5649 0.5649
0.5604 0.2299 0.5604 0.5604
0.5539 0.2170 0.5539 0.5539
0.5499 0.2040 0.5499 0.5499
0.5443 0.1907 0.5443 0.5443
0.5393 0.1774 0.5393 0.5393
0.5335 0.1639 0.5335 0.5335
0.5280 0.1502 0.5280 0.5280
0.5239 0.1364 0.5239 0.5239
0.5184 0.1224 0.5184 0.5184
0.5123 0.1083 0.5123 0.5123
0.5070 0.0941 0.5070 0.5070
0.5015 0.0796 0.5015 0.5015
Turn 0
-0.0419 0.0000 -0.0419 -0.0419
-0.0246 0.0135 -0.0246 -0.0246
-0.0055 0.0268 -0.0055 -0.0055
0.0116 0.0399 0.0116 0.0116
0.0298 0.0529 0.0298 0.0298
0.0466 0.0656 0.0466 0.0466
0.0638 0.0782 0.0638 0.0638
0.0803 0.0905 0.0803 0.0803
0.0976 0.1027 0.0976 0.0976
0.1144 0.1147 0.1144 0.1144
0.1301 0.1265 0.1301 0.1301
0.1458 0.1381 0.1458 0.1458
0.1621 0.1495 0.1621 0.1621
0.1771 0.1607 0.1771 0.1771
0.1924 0.1717 0.1924 0.1924
0.2075 0.1826 0.2075 0.2075
0.2219 0.1932 0.2219 0.2219
0.2366 0.2037 0.2366 0.2366
0.2498 0.2140 0.2498 0.2498
0.2625 0.2240 0.2625 0.2625
0.2756 0.2339 0.2756 0.2756
0.2866 0.2436 0.2866 0.2866
0.2993 0.2531 0.2993 0.2993
0.3106 0.2625 0.3106 0.3106
0.3216 0.2716 0.3216 0.3216
0.3315 0.2805 0.3315 0.3315
0.3421 0.2893 0.3421 0.3421
0.3514 0.2979 0.3514 0.3514
0.3599 0.3062 0.3599 0.3599
0.3700 0.3144 0.3700 0.3700
0.3778 0.3224 0.3778 0.3778
0.3856 0.3302 0.3856 0.3856
0.3930 0.3378 0.3930 0.3930
0.4001 0.3453 0.4001 0.4001
0.4063 0.3525 0.4063 0.4063
0.4119 0.3595 0.4119 0.4119
0.4179 0.3664 0.4179 0.4179
0.4235 0.3731 0.4235 0.4235
0.4275 0.3795 0.4275 0.4275
0.4325 0.3858 0.4325 0.4325
0.4359 0.3919 0.4359 0.4359
0.4397 0.3978 0.4397 0.4397
0.4430 0.4035 0.4430 0.4430
0.4464 0.4091 0.4464 0.4464
0.4493 0.4144 0.4493 0.4493
0.4519 0.4195 0.4519 0.4519
0.4552 0.4245 0.4552 0.4552
0.4581 0.4293 0.4581 0.4581
0.4614 0.4338 0.4614 0.4614
0.4640 0.4382 0.4640 0.4640
0.4676 0.4424 0.4676 0.4676
0.4705 0.4464 0.4705 0.4705
0.4742 0.4502 0.4742 0.4742
0.4771 0.4539 0.4771 0.4771
0.4800 0.4573 0.4800 0.4800
0.4832 0.4605 0.4832 0.4832
0.4862 0.4636 0.4862 0.4862
0.4899 0.4665 0.4899 0.4899
0.4935 0.4691 0.4935 0.4935
0.4964 0.4716 0.4964 0.4964
0.5002 0.4739 0.5002 0.5002
0.5033 0.4760 0.5033 0.5033
0.5072 0.4780 0.5072 0.5072
0.5106 0.4797 0.5106 0.5106
0.5140 0.4812 0.5140 0.5140
0.5174 0.4826 0.5174 0.5174
0.5215 0.4837 0.5215 0.5215
0.5252 0.4847 0.5252 0.5252
0.5293 0.4855 0.5293 0.5293
0.5332 0.4861 0.5332 0.5332
0.5373 0.4865 0.5373 0.5373
0.5408 0.4867 0.5408 0.5408
0.5447 0.4867 0.5447 0.5447
0.5485 0.4865 0.5485 0.5485
0.5526 0.4862 0.5526 0.5526
0.5557 0.4856 0.5557 0.5557
0.5597 0.4849 0.5597 0.5597
0.5634 0.4839 0.5634 0.5634
0.5675 0.4828 0.5675 0.5675
0.5708 0.4815 0.5708 0.5708
0.5739 0.4800 0.5739 0.5739
0.5780 0.4783 0.5780 0.5780
0.5813 0.4764 0.5813 0.5813
0.5840 0.4744 0.5840 0.5840
0.5867 0.4721 0.5867 0.5867
0.5888 0.4697 0.5888 0.5888
0.5904 0.4670 0.5904 0.5904
0.5920 0.4642 0.5920 0.5920
0.5936 0.4612 0.5936 0.5936
0.5940 0.4580 0.5940 0.5940
0.5949 0.4546 0.5949 0.5949
0.5947 0.4510 0.5947 0.5947
0.5948 0.4472 0.5948 0.5948
0.5943 0.4432 0.5943 0.5943
0.5931 0.4391 0.5931 0.5931
0.5925 0.4347 0.5925 0.5925
0.5911 0.4302 0.5911 0.5911
0.5890 0.4254 0.5890 0.5890
0.5880 0.4205 0.5880 0.5880
0.5852 0.4154 0.5852 0.5852
0.5831 0.4101 0.5831 0.5831
0.5806 0.4046 0.5806 0.5806
0.5777 0.3990 0.5777 0.5777
0.5749 0.3931 0.5749 0.5749
0.5709 0.3870 0.5709 0.5709
0.5676 0.3808 0.5676 0.5676
0.5635 0.3743 0.5635 0.5635
0.5586 0.3677 0.5586 0.5586
0.5548 0.3609 0.5548 0.5548
0.5507 0.3539 0.5507 0.5507
0.5462 0.3467 0.5462 0.5462
0.5410 0.3393 0.5410 0.5410
0.5360 0.3317 0.5360 0.5360
0.5319 0.3240 0.5319 0.5319
0.5266 0.3160 0.5266 0.5266
0.5217 0.3079 0.5217 0.5217
0.5172 0.2995 0.5172 0.5172
0.5121 0.2910 0.5121 0.5121
0.5073 0.2823 0.5073 0.5073
0.5019 0.2734 0.5019 0.5019
0.4969 0.2643 0.4969 0.4969
0.4919 0.2550 0.4919 0.4919
0.4876 0.2455 0.4876 0.4876
0.4817 0.2359 0.4817 0.4817
0.4757 0.2260 0.4757 0.4757
0.4714 0.2160 0.4714 0.4714
0.4656 0.2057 0.4656 0.4656
0.4609 0.1953 0.4609 0.4609
0.4549 0.1847 0.4549 0.4549
0.4497 0.1739 0.4497 0.4497
0.4446 0.1629 0.4446 0.4446
0.4387 0.1517 0.4387 0.4387
0.4327 0.1403 0.4327 0.4327
0.4279 0.1288 0.4279 0.4279
0.4223 0.1170 0.4223 0.4223
0.4169 0.1051 0.4169 0.4169
0.4124 0.0929 0.4124 0.4124
0.4062 0.0806 0.4062 0.4062
0.4001 0.0681 0.4001 0.4001
0.3947 0.0554 0.3947 0.3947
0.3884 0.0425 0.3884 0.3884
0.3847 0.0294 0.3847 0.3847
0.3781 0.0161 0.3781 0.3781
0.3726 0.0027 0.3726 0.3726
0.3659 0.0000 0.3659 0.3659
0.3600 0.0000 0.3600 0.3600
0.3552 0.0000 0.3552 0.3552
0.3501 0.0000 0.3501 0.3501
0.3434 0.0000 0.3434 0.3434
0.3372 0.0000 0.3372 0.3372
0.3315 0.0000 0.3315 0.3315
0.3268 0.0000 0.3268 0.3268
0.3208 0.0000 0.3208 0.3208
0.3147 0.0000 0.3147 0.3147
0.3089 0.0000 0.3089 0.3089
0.3029 0.0000 0.3029 0.3029
0.2986 0.0000 0.2986 0.2986
0.2916 0.0000 0.2916 0.2916
0.2855 0.0000 0.2855 0.2855
0.2796 0.0000 0.2796 0.2796
0.2739 0.0000 0.2739 0.2739
0.2683 0.0000 0.2683 0.2683
0.2626 0.0000 0.2626 0.2626
0.2567 0.0000 0.2567 0.2567
0.2508 0.0000 0.2508 0.2508
0.2439 0.0000 0.2439 0.2439
0.2391 0.0000 0.2391 0.2391
0.2335 0.0000 0.2335 0.2335
0.2271 0.0000 0.2271 0.2271
0.2200 0.0000 0.2200 0.2200
0.2146 0.0000 0.2146 0.2146
0.2096 0.0000 0.2096 0.2096
0.2039 0.0000 0.2039 0.2039
0.1971 0.0000 0.1971 0.1971
0.1914 0.0000 0.1914 0.1914
0.1852 0.0000 0.1852 0.1852
0.1803 0.0000 0.1803 0.1803
0.1745 0.0000 0.1745 0.1745
0.1678 0.0000 0.1678 0.1678
0.1617 0.0000 0.1617 0.1617
0.1559 0.0000 0.1559 0.1559
0.1507 0.0000 0.1507 0.1507
0.1445 0.0000 0.1445 0.1445
0.1381 0.0000 0.1381 0.1381
0.1324 0.0000 0.1324 0.1324
0.1270 0.0000 0.1270 0.1270
0.1208 0.0000 0.1208 0.1208
0.1146 0.0000 0.1146 0.1146
0.1088 0.0000 0.1088 0.1088
0.1031 0.0000 0.1031 0.1031
0.0960 0.0000 0.0960 0.0960
0.0916 0.0000 0.0916 0.0916
0.0852 0.0000 0.0852 0.0852
0.0790 0.0000 0.0790 0.0790
0.0726 0.0000 0.0726 0.0726
0.0669 0.0000 0.0669 0.0669
0.0616 0.0000 0.0616 0.0616
0.0559 0.0000 0.0559 0.0559
0.0494 0.0000 0.0494 0.0494
0.0434 0.0000 0.0434 0.0434
0.0372 0.0000 0.0372 0.0372
Turn 0
-0.1485 0.0000 -0.1485 -0.1485
-0.1228 0.0169 -0.1228 -0.1228
-0.0983 0.0336 -0.0983 -0.0983
-0.0728 0.0502 -0.0728 -0.0728
-0.0485 0.0666 -0.0485 -0.0485
-0.0236 0.0829 -0.0236 -0.0236
0.0004 0.0990 0.0004 0.0004
0.0245 0.1150 0.0245 0.0245
0.0479 0.1309 0.0479 0.0479
0.0723 0.1466 0.0723 0.0723
0.0953 0.1621 0.0953 0.0953
0.1181 0.1775 0.1181 0.1181
0.1397 0.1928 0.1397 0.1397
0.1619 0.2079 0.1619 0.1619
0.1832 0.2229 0.1832 0.1832
0.2038 0.2377 0.2038 0.2038
0.2239 0.2523 0.2239 0.2239
0.2436 0.2669 0.2436 0.2436
0.2622 0.2812 0.2622 0.2622
0.2808 0.2955 0.2808 0.2808
0.2997 0.3096 0.2997 0.2997
0.3177 0.3235 0.3177 0.3177
0.3353 0.3373 0.3353 0.3353
0.3528 0.3509 0.3528 0.3528
0.3692 0.3644 0.3692 0.3692
0.3860 0.3777 0.3860 0.3860
0.4014 0.3909 0.4014 0.4014
0.4171 0.4040 0.4171 0.4171
0.4321 0.4169 0.4321 0.4321
0.4475 0.4297 0.4475 0.4475
0.4619 0.4423 0.4619 0.4619
0.4765 0.4547 0.4765 0.4765
0.4900 0.4670 0.4900 0.4900
0.5038 0.4792 0.5038 0.5038
0.5167 0.4912 0.5167 0.5167
0.5299 0.5031 0.5299 0.5299
0.5422 0.5148 0.5422 0.5422
0.5544 0.5264 0.5544 0.5544
0.5659 0.5379 0.5659 0.5659
0.5772 0.5491 0.5772 0.5772
0.5887 0.5603 0.5887 0.5887
0.5991 0.5713 0.5991 0.5991
0.6096 0.5821 0.6096 0.6096
0.6197 0.5928 0.6197 0.6197
0.6295 0.6034 0.6295 0.6295
0.6390 0.6138 0.6390 0.6390
0.6479 0.6240 0.6479 0.6479
0.6565 0.6341 0.6565 0.6565
0.6649 0.6441 0.6649 0.6649
0.6731 0.6539 0.6731 0.6731
0.6802 0.6636 0.6802 0.6802
0.6873 0.6731 0.6873 0.6873
0.6946 0.6825 0.6946 0.6946
0.7007 0.6917 0.7007 0.7007
0.7072 0.7008 0.7072 0.7072
0.7132 0.7097 0.7132 0.7132
0.7201 0.7185 0.7201 0.7201
0.7260 0.7272 0.7260 0.7260
0.7333 0.7357 0.7333 0.7333
0.7392 0.7440 0.7392 0.7392
0.7460 0.7522 0.7460 0.7460
0.7525 0.7602 0.7525 0.7525
0.7586 0.7682 0.7586 0.7586
0.7650 0.7759 0.7650 0.7650
0.7720 0.7835 0.7720 0.7720
0.7780 0.7910 0.7780 0.7780
0.7851 0.7983 0.7851 0.7851
0.7911 0.8055 0.7911 0.7911
0.7979 0.8125 0.7979 0.7979
0.8047 0.8194 0.8047 0.8047
0.8117 0.8261 0.8117 0.8117
0.8188 0.8327 0.8188 0.8188
0.8267 0.8391 0.8267 0.8267
0.8336 0.8454 0.8336 0.8336
0.8413 0.8515 0.8413 0.8413
0.8485 0.8575 0.8485 0.8485
0.8563 0.8634 0.8563 0.8563
0.8642 0.8691 0.8642 0.8642
0.8722 0.8746 0.8722 0.8722
0.8803 0.8800 0.8803 0.8803
0.8882 0.8853 0.8882 0.8882
0.8962 0.8904 0.8962 0.8962
0.9044 0.8954 0.9044 0.9044
0.9131 0.9002 0.9131 0.9131
0.9207 0.9049 0.9207 0.9207
0.9284 0.9094 0.9284 0.9284
0.9359 0.9138 0.9359 0.9359
0.9430 0.9180 0.9430 0.9430
0.9497 0.9221 0.9497 0.9497
0.9555 0.9260 0.9555 0.9555
0.9619 0.9298 0.9619 0.9619
0.9675 0.9334 0.9675 0.9675
0.9732 0.9369 0.9732 0.9732
0.9781 0.9403 0.9781 0.9781
0.9829 0.9435 0.9829 0.9829
0.9877 0.9465 0.9877 0.9877
0.9921 0.9494 0.9921 0.9921
0.9961 0.9522 0.9961 0.9961
0.9999 0.9548 0.9999 0.9999
1.0034 0.9573 1.0034 1.0034
1.0065 0.9596 1.0065 1.0065
1.0101 0.9617 1.0101 1.0101
1.0120 0.9638 1.0120 1.0120
1.0148 0.9656 1.0148 1.0148
1.0173 0.9674 1.0173 1.0173
1.0193 0.9690 1.0193 1.0193
1.0212 0.9704 1.0212 1.0212
1.0229 0.9717 1.0229 1.0229
1.0240 0.9728 1.0240 1.0240
1.0259 0.9738 1.0259 1.0259
1.0267 0.9747 1.0267 1.0267
1.0273 0.9754 1.0273 1.0273
1.0289 0.9759 1.0289 1.0289
1.0292 0.9763 1.0292 1.0292
1.0291 0.9766 1.0291 1.0291
1.0295 0.9767 1.0295 1.0295
1.0298 0.9766 1.0298 1.0298
1.0297 0.9765 1.0297 1.0297
1.0292 0.9761 1.0292 1.0292
1.0294 0.9757 1.0294 1.0294
1.0289 0.9750 1.0289 1.0289
1.0285 0.9743 1.0285 1.0285
1.0271 0.9733 1.0271 1.0271
1.0261 0.9723 1.0261 1.0261
1.0253 0.9711 1.0253 1.0253
1.0239 0.9697 1.0239 1.0239
1.0227 0.9682 1.0227 1.0227
1.0213 0.9665 1.0213 1.0213
1.0191 0.9647 1.0191 1.0191
1.0180 0.9628 1.0180 1.0180
1.0157 0.9607 1.0157 1.0157
1.0145 0.9585 1.0145 1.0145
1.0122 0.9561 1.0122 1.0122
1.0096 0.9535 1.0096 1.0096
1.0077 0.9509 1.0077 1.0077
1.0049 0.9480 1.0049 1.0049
1.0022 0.9451 1.0022 1.0022
1.0002 0.9419 1.0002 1.0002
0.9970 0.9387 0.9970 0.9970
0.9947 0.9352 0.9947 0.9947
0.9914 0.9317 0.9914 0.9914
0.9887 0.9280 0.9887 0.9887
0.9859 0.9241 0.9859 0.9859
0.9825 0.9201 0.9825 0.9825
0.9795 0.9159 0.9795 0.9795
0.9756 0.9116 0.9756 0.9756
0.9725 0.9072 0.9725 0.9725
0.9690 0.9026 0.9690 0.9690
0.9656 0.8979 0.9656 0.9656
0.9628 0.8930 0.9628 0.9628
0.9584 0.8879 0.9584 0.9584
0.9547 0.8828 0.9547 0.9547
0.9506 0.8774 0.9506 0.9506
0.9476 0.8719 0.9476 0.9476
0.9430 0.8663 0.9430 0.9430
0.9394 0.8606 0.9394 0.9394
0.9350 0.8546 0.9350 0.9350
0.9302 0.8486 0.9302 0.9302
0.9277 0.8424 0.9277 0.9277
0.9228 0.8360 0.9228 0.9228
0.9184 0.8295 0.9184 0.9184
0.9138 0.8228 0.9138 0.9138
0.9088 0.8160 0.9088 0.9088
0.9059 0.8091 0.9059 0.9059
0.9015 0.8020 0.9015 0.9015
0.8962 0.7948 0.8962 0.8962
0.8913 0.7874 0.8913 0.8913
0.8864 0.7798 0.8864 0.8864
0.8831 0.7722 0.8831 0.8831
0.8777 0.7643 0.8777 0.8777
0.8731 0.7564 0.8731 0.8731
0.8680 0.7482 0.8680 0.8680
0.8634 0.7400 0.8634 0.8634
0.8587 0.7315 0.8587 0.8587
0.8537 0.7230 0.8537 0.8537
0.8488 0.7143 0.8488 0.8488
0.8438 0.7054 0.8438 0.8438
0.8387 0.6964 0.8387 0.8387
0.8347 0.6872 0.8347 0.8347
0.8292 0.6779 0.8292 0.8292
0.8241 0.6685 0.8241 0.8241
0.8187 0.6589 0.8187 0.8187
0.8135 0.6492 0.8135 0.8135
0.8093 0.6393 0.8093 0.8093
0.8038 0.6292 0.8038 0.8038
0.7987 0.6191 0.7987 0.7987
0.7932 0.6087 0.7932 0.7932
0.7878 0.5983 0.7878 0.7878
0.7832 0.5876 0.7832 0.7832
0.7779 0.5769 0.7779 0.7779
0.7722 0.5659 0.7722 0.7722
0.7669 0.5549 0.7669 0.7669
0.7614 0.5437 0.7614 0.7614
0.7566 0.5323 0.7566 0.7566
0.7515 0.5208 0.7515 0.7515
0.7459 0.5092 0.7459 0.7459
0.7401 0.4974 0.7401 0.7401
0.7347 0.4854 0.7347 0.7347
0.7299 0.4733 0.7299 0.7299
0.7243 0.4611 0.7243 0.7243
0.7183 0.4487 0.7183 0.7183
Turn 0
-0.0234 0.0000 -0.0234 -0.0234
0.0066 0.0324 0.0066 0.0066
0.0385 0.0644 0.0385 0.0385
0.0686 0.0961 0.0686 0.0686
0.1006 0.1274 0.1006 0.1006
0.1305 0.1584 0.1305 0.1305
0.1617 0.1891 0.1617 0.1617
0.1918 0.2195 0.1918 0.1918
0.2231 0.2495 0.2231 0.2231
0.2527 0.2791 0.2527 0.2527
0.2837 0.3085 0.2837 0.2837
0.3127 0.3375 0.3127 0.3127
0.3440 0.3661 0.3440 0.3440
0.3732 0.3945 0.3732 0.3732
0.4031 0.4224 0.4031 0.4031
0.4316 0.4501 0.4316 0.4316
0.4606 0.4774 0.4606 0.4606
0.4873 0.5044 0.4873 0.4873
0.5152 0.5310 0.5152 0.5152
0.5414 0.5573 0.5414 0.5414
0.5679 0.5833 0.5679 0.5679
0.5932 0.6089 0.5932 0.5932
0.6190 0.6342 0.6190 0.6190
0.6432 0.6592 0.6432 0.6432
0.6680 0.6838 0.6680 0.6680
0.6912 0.7081 0.6912 0.6912
0.7157 0.7321 0.7157 0.7157
0.7382 0.7557 0.7382 0.7382
0.7619 0.7790 0.7619 0.7619
0.7834 0.8019 0.7834 0.7834
0.8062 0.8245 0.8062 0.8062
0.8274 0.8468 0.8274 0.8274
0.8491 0.8687 0.8491 0.8491
0.8704 0.8903 0.8704 0.8704
0.8914 0.9116 0.8914 0.8914
0.9118 0.9325 0.9118 0.9118
0.9320 0.9531 0.9320 0.9320
0.9514 0.9733 0.9514 0.9514
0.9706 0.9933 0.9706 0.9706
0.9899 1.0128 0.9899 0.9899
1.0089 1.0321 1.0089 1.0089
1.0277 1.0510 1.0277 1.0277
1.0458 1.0696 1.0458 1.0458
1.0642 1.0878 1.0642 1.0642
1.0817 1.1057 1.0817 1.0817
1.0993 1.1233 1.0993 1.0993
1.1173 1.1405 1.1173 1.1173
1.1340 1.1574 1.1340 1.1340
1.1503 1.1739 1.1503 1.1503
1.1665 1.1901 1.1665 1.1665
1.1826 1.2060 1.1826 1.1826
1.1976 1.2216 1.1976 1.1976
1.2134 1.2368 1.2134 1.2134
1.2276 1.2516 1.2276 1.2276
1.2428 1.2662 1.2428 1.2428
1.2569 1.2804 1.2569 1.2569
1.2708 1.2942 1.2708 1.2708
1.2840 1.3078 1.2840 1.2840
1.2977 1.3210 1.2977 1.2977
1.3097 1.3338 1.3097 1.3097
1.3230 1.3463 1.3230 1.3230
1.3346 1.3585 1.3346 1.3346
1.3465 1.3703 1.3465 1.3465
1.3573 1.3819 1.3573 1.3573
1.3687 1.3930 1.3687 1.3687
1.3791 1.4039 1.3791 1.3791
1.3892 1.4144 1.3892 1.3892
1.3988 1.4245 1.3988 1.3988
1.4078 1.4343 1.4078 1.4078
1.4163 1.4438 1.4163 1.4163
1.4241 1.4530 1.4241 1.4241
1.4317 1.4618 1.4317 1.4317
1.4391 1.4703 1.4391 1.4391
1.4459 1.4784 1.4459 1.4459
1.4527 1.4862 1.4527 1.4527
1.4597 1.4937 1.4597 1.4597
1.4658 1.5008 1.4658 1.4658
1.4731 1.5076 1.4731 1.4731
1.4791 1.5141 1.4791 1.4791
1.4854 1.5202 1.4854 1.4854
1.4910 1.5260 1.4910 1.4910
1.4970 1.5315 1.4970 1.4970
1.5018 1.5366 1.5018 1.5018
1.5061 1.5414 1.5061 1.5061
1.5103 1.5458 1.5103 1.5103
1.5136 1.5499 1.5136 1.5136
1.5160 1.5537 1.5160 1.5160
1.5186 1.5571 1.5186 1.5186
1.5203 1.5602 1.5203 1.5203
1.5219 1.5630 1.5219 1.5219
1.5232 1.5654 1.5232 1.5232
1.5246 1.5675 1.5246 1.5246
1.5249 1.5693 1.5249 1.5249
1.5257 1.5707 1.5257 1.5257
1.5257 1.5718 1.5257 1.5257
1.5262 1.5725 1.5262 1.5262
1.5261 1.5729 1.5261 1.5261
1.5253 1.5730 1.5253 1.5253
1.5250 1.5727 1.5250 1.5250
1.5243 1.5721 1.5243 1.5243
1.5231 1.5712 1.5231 1.5231
1.5222 1.5699 1.5222 1.5222
1.5205 1.5683 1.5205 1.5205
1.5190 1.5664 1.5190 1.5190
1.5171 1.5641 1.5171 1.5171
1.5157 1.5615 1.5157 1.5157
1.5133 1.5585 1.5133 1.5133
1.5107 1.5552 1.5107 1.5107
1.5079 1.5516 1.5079 1.5079
1.5058 1.5476 1.5058 1.5058
1.5032 1.5433 1.5032 1.5032
1.4995 1.5387 1.4995 1.4995
1.4963 1.5337 1.4963 1.4963
1.4931 1.5284 1.4931 1.4931
1.4903 1.5227 1.4903 1.4903
1.4864 1.5168 1.4864 1.4864
1.4830 1.5104 1.4830 1.4830
1.4789 1.5038 1.4789 1.4789
1.4748 1.4968 1.4748 1.4748
1.4700 1.4895 1.4700 1.4700
1.4665 1.4818 1.4665 1.4665
1.4621 1.4738 1.4621 1.4621
1.4578 1.4655 1.4578 1.4578
1.4529 1.4568 1.4529 1.4529
1.4483 1.4478 1.4483 1.4483
1.4438 1.4384 1.4438 1.4438
1.4387 1.4288 1.4387 1.4387
1.4344 1.4187 1.4344 1.4344
1.4288 1.4084 1.4288 1.4288
1.4228 1.3977 1.4228 1.4228
1.4178 1.3867 1.4178 1.4178
1.4124 1.3753 1.4124 1.4124
1.4067 1.3636 1.4067 1.4067
1.4010 1.3516 1.4010 1.4010
1.3959 1.3392 1.3959 1.3959
1.3904 1.3265 1.3904 1.3904
1.3835 1.3134 1.3835 1.3835
1.3779 1.3001 1.3779 1.3779
1.3720 1.2863 1.3720 1.3720
1.3667 1.2723 1.3667 1.3667
1.3593 1.2579 1.3593 1.3593
1.3535 1.2432 1.3535 1.3535
1.3473 1.2281 1.3473 1.3473
1.3408 1.2127 1.3408 1.3408
1.3336 1.1970 1.3336 1.3336
1.3278 1.1809 1.3278 1.3278
1.3213 1.1645 1.3213 1.3213
1.3153 1.1477 1.3153 1.3153
1.3077 1.1307 1.3077 1.3077
1.3010 1.1132 1.3010 1.3010
1.2950 1.0955 1.2950 1.2950
1.2875 1.0774 1.2875 1.2875
1.2812 1.0590 1.2812 1.2812
1.2734 1.0402 1.2734 1.2734
1.2665 1.0211 1.2665 1.2665
1.2598 1.0017 1.2598 1.2598
1.2535 0.9819 1.2535 1.2535
1.2459 0.9618 1.2459 1.2459
1.2387 0.9413 1.2387 1.2387
1.2317 0.9206 1.2317 1.2317
1.2249 0.8994 1.2249 1.2249
1.2164 0.8780 1.2164 1.2164
1.2098 0.8562 1.2098 1.2098
1.2023 0.8341 1.2023 1.2023
1.1948 0.8116 1.1948 1.1948
1.1869 0.7888 1.1869 1.1869
1.1806 0.7657 1.1806 1.1806
1.1735 0.7422 1.1735 1.1735
1.1651 0.7184 1.1651 1.1651
1.1571 0.6942 1.1571 1.1571
1.1495 0.6698 1.1495 1.1495
1.1429 0.6449 1.1429 1.1429
1.1355 0.6198 1.1355 1.1355
1.1269 0.5943 1.1269 1.1269
1.1191 0.5685 1.1191 1.1191
1.1104 0.5423 1.1104 1.1104
1.1049 0.5158 1.1049 1.1049
1.0969 0.4890 1.0969 1.0969
1.0884 0.4618 1.0884 1.0884
1.0808 0.4343 1.0808 1.0808
1.0725 0.4064 1.0725 1.0725
1.0656 0.3783 1.0656 1.0656
1.0572 0.3497 1.0572 1.0572
1.0489 0.3209 1.0489 1.0489
1.0415 0.2917 1.0415 1.0415
1.0335 0.2622 1.0335 1.0335
1.0262 0.2323 1.0262 1.0262
1.0179 0.2021 1.0179 1.0179
1.0100 0.1716 1.0100 1.0100
1.0018 0.1407 1.0018 1.0018
0.9931 0.1095 0.9931 0.9931
0.9865 0.0779 0.9865 0.9865
0.9777 0.0461 0.9777 0.9777
0.9704 0.0138 0.9704 0.9704
0.9623 0.0000 0.9623 0.9623
0.9536 0.0000 0.9536 0.9536
0.9474 0.0000 0.9474 0.9474
0.9395 0.0000 0.9395 0.9395
0.9309 0.0000 0.9309 0.9309
0.9223 0.0000 0.9223 0.9223
0.9141 0.0000 0.9141 0.9141
Turn 0
-0.0266 0.0000 -0.0266 -0.0266
0.0012 0.0323 0.0012 0.0012
0.0306 0.0642 0.0306 0.0306
0.0586 0.0957 0.0586 0.0586
0.0871 0.1267 0.0871 0.0871
0.1151 0.1573 0.1151 0.1151
0.1431 0.1874 0.1431 0.1431
0.1710 0.2171 0.1710 0.1710
0.1985 0.2463 0.1985 0.1985
0.2259 0.2751 0.2259 0.2259
0.2539 0.3034 0.2539 0.2539
0.2809 0.3313 0.2809 0.2809
0.3084 0.3588 0.3084 0.3084
0.3346 0.3858 0.3346 0.3346
0.3618 0.4123 0.3618 0.3618
0.3884 0.4384 0.3884 0.3884
0.4162 0.4641 0.4162 0.4162
0.4428 0.4893 0.4428 0.4428
0.4689 0.5141 0.4689 0.4689
0.4947 0.5384 0.4947 0.4947
0.5209 0.5623 0.5209 0.5209
0.5463 0.5857 0.5463 0.5463
0.5723 0.6087 0.5723 0.5723
0.5987 0.6313 0.5987 0.5987
0.6238 0.6534 0.6238 0.6238
0.6482 0.6750 0.6482 0.6482
0.6726 0.6963 0.6726 0.6726
0.6962 0.7170 0.6962 0.6962
0.7189 0.7373 0.7189 0.7189
0.7415 0.7572 0.7415 0.7415
0.7634 0.7766 0.7634 0.7634
0.7848 0.7956 0.7848 0.7848
0.8059 0.8142 0.8059 0.8059
0.8266 0.8323 0.8266 0.8266
0.8469 0.8499 0.8469 0.8469
0.8670 0.8671 0.8670 0.8670
0.8857 0.8839 0.8857 0.8857
0.9042 0.9002 0.9042 0.9042
0.9225 0.9160 0.9225 0.9225
0.9402 0.9315 0.9402 0.9402
0.9576 0.9464 0.9576 0.9576
0.9747 0.9610 0.9747 0.9747
0.9917 0.9751 0.9917 0.9917
1.0076 0.9887 1.0076 1.0076
1.0229 1.0019 1.0229 1.0229
1.0382 1.0146 1.0382 1.0382
1.0531 1.0269 1.0531 1.0531
1.0671 1.0388 1.0671 1.0671
1.0810 1.0502 1.0810 1.0810
1.0945 1.0612 1.0945 1.0945
1.1070 1.0717 1.1070 1.1070
1.1190 1.0818 1.1190 1.1190
1.1315 1.0914 1.1315 1.1315
1.1428 1.1006 1.1428 1.1428
1.1535 1.1093 1.1535 1.1535
1.1638 1.1176 1.1638 1.1638
1.1736 1.1255 1.1736 1.1736
1.1829 1.1329 1.1829 1.1829
1.1919 1.1398 1.1919 1.1919
1.1998 1.1463 1.1998 1.1998
1.2084 1.1524 1.2084 1.2084
1.2155 1.1580 1.2155 1.2155
1.2227 1.1632 1.2227 1.2227
1.2299 1.1679 1.2299 1.2299
1.2372 1.1722 1.2372 1.2372
1.2441 1.1760 1.2441 1.2441
1.2501 1.1794 1.2501 1.2501
1.2559 1.1824 1.2559 1.2559
1.2616 1.1849 1.2616 1.2616
1.2661 1.1869 1.2661 1.2661
1.2705 1.1886 1.2705 1.2705
1.2741 1.1897 1.2741 1.2741
1.2775 1.1904 1.2775 1.2775
1.2805 1.1907 1.2805 1.2805
1.2830 1.1905 1.2830 1.2830
1.2846 1.1899 1.2846 1.2846
1.2861 1.1889 1.2861 1.2861
1.2872 1.1874 1.2872 1.2872
1.2881 1.1854 1.2881 1.2881
1.2872 1.1830 1.2872 1.2872
1.2874 1.1802 1.2874 1.2874
1.2865 1.1769 1.2865 1.2865
1.2847 1.1731 1.2847 1.2847
1.2834 1.1690 1.2834 1.2834
1.2816 1.1643 1.2816 1.2816
1.2794 1.1593 1.2794 1.2794
1.2757 1.1538 1.2757 1.2757
1.2727 1.1478 1.2727 1.2727
1.2693 1.1414 1.2693 1.2693
1.2654 1.1345 1.2654 1.2654
1.2611 1.1272 1.2611 1.2611
1.2561 1.1195 1.2561 1.2561
1.2518 1.1113 1.2518 1.2518
1.2461 1.1027 1.2461 1.2461
1.2405 1.0936 1.2405 1.2405
1.2344 1.0841 1.2344 1.2344
1.2281 1.0741 1.2281 1.2281
1.2221 1.0637 1.2221 1.2221
1.2155 1.0528 1.2155 1.2155
1.2082 1.0415 1.2082 1.2082
1.2011 1.0298 1.2011 1.2011
1.1930 1.0176 1.1930 1.1930
1.1854 1.0049 1.1854 1.1854
1.1777 0.9918 1.1777 1.1777
1.1695 0.9783 1.1695 1.1695
1.1609 0.9643 1.1609 1.1609
1.1519 0.9499 1.1519 1.1519
1.1422 0.9350 1.1422 1.1422
1.1331 0.9197 1.1331 1.1331
1.1249 0.9039 1.1249 1.1249
1.1150 0.8877 1.1150 1.1150
1.1052 0.8711 1.1052 1.1052
1.0954 0.8540 1.0954 1.0954
1.0865 0.8364 1.0865 1.0865
1.0769 0.8185 1.0769 1.0769
1.0661 0.8000 1.0661 1.0661
1.0567 0.7811 1.0567 1.0567
1.0473 0.7618 1.0473 1.0473
1.0383 0.7420 1.0383 1.0383
1.0276 0.7218 1.0276 1.0276
1.0180 0.7012 1.0180 1.0180
1.0085 0.6801 1.0085 1.0085
0.9990 0.6585 0.9990 0.9990
0.9883 0.6365 0.9883 0.9883
0.9789 0.6141 0.9789 0.9789
0.9691 0.5912 0.9691 0.9691
0.9600 0.5678 0.9600 0.9600
0.9504 0.5441 0.9504 0.9504
0.9391 0.5198 0.9391 0.9391
0.9304 0.4952 0.9304 0.9304
0.9200 0.4701 0.9200 0.9200
0.9109 0.4445 0.9109 0.9109
0.9004 0.4185 0.9004 0.9004
0.8904 0.3920 0.8904 0.8904
0.8813 0.3651 0.8813 0.8813
0.8710 0.3378 0.8710 0.8710
0.8608 0.3100 0.8608 0.8608
0.8509 0.2818 0.8509 0.8509
0.8406 0.2531 0.8406 0.8406
0.8314 0.2240 0.8314 0.8314
0.8213 0.1944 0.8213 0.8213
0.8117 0.1644 0.8117 0.8117
0.8015 0.1339 0.8015 0.8015
0.7924 0.1030 0.7924 0.7924
0.7811 0.0717 0.7811 0.7811
0.7719 0.0399 0.7719 0.7719
0.7621 0.0076 0.7621 0.7621
0.7524 0.0000 0.7524 0.7524
0.7415 0.0000 0.7415 0.7415
0.7319 0.0000 0.7319 0.7319
0.7225 0.0000 0.7225 0.7225
0.7126 0.0000 0.7126 0.7126
0.7026 0.0000 0.7026 0.7026
0.6918 0.0000 0.6918 0.6918
0.6817 0.0000 0.6817 0.6817
0.6730 0.0000 0.6730 0.6730
0.6633 0.0000 0.6633 0.6633
0.6529 0.0000 0.6529 0.6529
0.6432 0.0000 0.6432 0.6432
0.6327 0.0000 0.6327 0.6327
0.6244 0.0000 0.6244 0.6244
0.6139 0.0000 0.6139 0.6139
0.6039 0.0000 0.6039 0.6039
0.5944 0.0000 0.5944 0.5944
0.5847 0.0000 0.5847 0.5847
0.5754 0.0000 0.5754 0.5754
0.5656 0.0000 0.5656 0.5656
0.5557 0.0000 0.5557 0.5557
0.5459 0.0000 0.5459 0.5459
0.5356 0.0000 0.5356 0.5356
0.5275 0.0000 0.5275 0.5275
0.5178 0.0000 0.5178 0.5178
0.5087 0.0000 0.5087 0.5087
0.4980 0.0000 0.4980 0.4980
0.4879 0.0000 0.4879 0.4879
0.4804 0.0000 0.4804 0.4804
0.4708 0.0000 0.4708 0.4708
0.4616 0.0000 0.4616 0.4616
0.4516 0.0000 0.4516 0.4516
0.4425 0.0000 0.4425 0.4425
0.4342 0.0000 0.4342 0.4342
0.4248 0.0000 0.4248 0.4248
0.4148 0.0000 0.4148 0.4148
0.4056 0.0000 0.4056 0.4056
0.3967 0.0000 0.3967 0.3967
0.3883 0.0000 0.3883 0.3883
0.3789 0.0000 0.3789 0.3789
0.3696 0.0000 0.3696 0.3696
0.3600 0.0000 0.3600 0.3600
0.3511 0.0000 0.3511 0.3511
0.3422 0.0000 0.3422 0.3422
0.3333 0.0000 0.3333 0.3333
0.3246 0.0000 0.3246 0.3246
0.3159 0.0000 0.3159 0.3159
0.3059 0.0000 0.3059 0.3059
0.2983 0.0000 0.2983 0.2983
0.2888 0.0000 0.2888 0.2888
0.2805 0.0000 0.2805 0.2805
0.2715 0.0000 0.2715 0.2715
0.2621 0.0000 0.2621 0.2621
0.2552 0.0000 0.2552 0.2552
Turn 0
-0.0382 0.0000 -0.0382 -0.0382
-0.0087 0.0307 -0.0087 -0.0087
0.0216 0.0611 0.0216 0.0216
0.0519 0.0911 0.0519 0.0519
0.0816 0.1209 0.0816 0.0816
0.1112 0.1503 0.1112 0.1112
0.1411 0.1794 0.1411 0.1411
0.1702 0.2082 0.1702 0.1702
0.2001 0.2366 0.2001 0.2001
0.2292 0.2647 0.2292 0.2292
0.2586 0.2925 0.2586 0.2586
0.2877 0.3200 0.2877 0.2877
0.3172 0.3472 0.3172 0.3172
0.3455 0.3740 0.3455 0.3455
0.3747 0.4006 0.3747 0.3747
0.4021 0.4268 0.4021 0.4021
0.4304 0.4527 0.4304 0.4304
0.4575 0.4782 0.4575 0.4575
0.4841 0.5034 0.4841 0.4841
0.5089 0.5284 0.5089 0.5089
0.5357 0.5530 0.5357 0.5357
0.5598 0.5772 0.5598 0.5598
0.5850 0.6012 0.5850 0.5850
0.6084 0.6248 0.6084 0.6084
0.6322 0.6481 0.6322 0.6322
0.6549 0.6711 0.6549 0.6549
0.6784 0.6938 0.6784 0.6784
0.7004 0.7161 0.7004 0.7004
0.7226 0.7382 0.7226 0.7226
0.7432 0.7599 0.7432 0.7432
0.7653 0.7812 0.7653 0.7653
0.7859 0.8023 0.7859 0.7859
0.8064 0.8230 0.8064 0.8064
0.8267 0.8435 0.8267 0.8267
0.8460 0.8636 0.8460 0.8460
0.8657 0.8833 0.8657 0.8657
0.8842 0.9028 0.8842 0.8842
0.9032 0.9219 0.9032 0.9032
0.9206 0.9407 0.9206 0.9206
0.9390 0.9592 0.9390 0.9390
0.9563 0.9774 0.9563 0.9563
0.9738 0.9952 0.9738 0.9738
0.9906 1.0128 0.9906 0.9906
1.0074 1.0300 1.0074 1.0074
1.0235 1.0469 1.0235 1.0235
1.0392 1.0634 1.0392 1.0392
1.0557 1.0797 1.0557 1.0557
1.0708 1.0956 1.0708 1.0708
1.0856 1.1112 1.0856 1.0856
1.1006 1.1265 1.1006 1.1006
1.1152 1.1414 1.1152 1.1152
1.1286 1.1561 1.1286 1.1286
1.1424 1.1704 1.1424 1.1424
1.1554 1.1844 1.1554 1.1554
1.1684 1.1980 1.1684 1.1684
1.1803 1.2114 1.1803 1.1803
1.1925 1.2244 1.1925 1.1925
1.2040 1.2371 1.2040 1.2040
1.2156 1.2495 1.2156 1.2156
1.2260 1.2616 1.2260 1.2260
1.2369 1.2733 1.2369 1.2369
1.2465 1.2847 1.2465 1.2465
1.2561 1.2958 1.2561 1.2561
1.2650 1.3066 1.2650 1.2650
1.2742 1.3171 1.2742 1.2742
1.2819 1.3272 1.2819 1.2819
1.2902 1.3370 1.2902 1.2902
1.2967 1.3465 1.2967 1.2967
1.3044 1.3557 1.3044 1.3044
1.3107 1.3645 1.3107 1.3107
1.3177 1.3731 1.3177 1.3177
1.3238 1.3813 1.3238 1.3238
1.3311 1.3892 1.3311 1.3311
1.3379 1.3967 1.3379 1.3379
1.3443 1.4040 1.3443 1.3443
1.3507 1.4109 1.3507 1.3507
1.3565 1.4175 1.3565 1.3565
1.3624 1.4238 1.3624 1.3624
1.3684 1.4297 1.3684 1.3684
1.3746 1.4354 1.3746 1.3746
1.3800 1.4407 1.3800 1.3800
1.3859 1.4457 1.3859 1.3859
1.3909 1.4504 1.3909 1.3909
1.3966 1.4547 1.3966 1.3966
1.4017 1.4588 1.4017 1.4017
1.4058 1.4625 1.4058 1.4058
1.4096 1.4659 1.4096 1.4096
1.4132 1.4689 1.4132 1.4132
1.4161 1.4717 1.4161 1.4161
1.4185 1.4741 1.4185 1.4185
1.4203 1.4762 1.4203 1.4203
1.4219 1.4780 1.4219 1.4219
1.4241 1.4794 1.4241 1.4241
1.4252 1.4806 1.4252 1.4252
1.4261 1.4814 1.4261 1.4261
1.4274 1.4819 1.4274 1.4274
1.4275 1.4821 1.4275 1.4275
1.4281 1.4819 1.4281 1.4281
1.4278 1.4815 1.4278 1.4278
1.4274 1.4807 1.4274 1.4274
1.4275 1.4796 1.4275 1.4275
1.4264 1.4781 1.4264 1.4264
1.4256 1.4764 1.4256 1.4256
1.4244 1.4743 1.4244 1.4244
1.4230 1.4719 1.4230 1.4230
1.4220 1.4692 1.4220 1.4220
1.4202 1.4662 1.4202 1.4202
1.4181 1.4628 1.4181 1.4181
1.4161 1.4591 1.4161 1.4161
1.4139 1.4551 1.4139 1.4139
1.4118 1.4508 1.4118 1.4118
1.4087 1.4462 1.4087 1.4087
1.4059 1.4412 1.4059 1.4059
1.4030 1.4359 1.4030 1.4030
1.4002 1.4303 1.4002 1.4002
1.3970 1.4244 1.3970 1.3970
1.3931 1.4181 1.3931 1.3931
1.3904 1.4115 1.3904 1.3904
1.3860 1.4047 1.3860 1.3860
1.3819 1.3974 1.3819 1.3819
1.3788 1.3899 1.3788 1.3788
1.3746 1.3820 1.3746 1.3746
1.3708 1.3739 1.3708 1.3708
1.3656 1.3654 1.3656 1.3656
1.3612 1.3565 1.3612 1.3612
1.3569 1.3474 1.3569 1.3569
1.3521 1.3379 1.3521 1.3521
1.3482 1.3282 1.3482 1.3482
1.3424 1.3180 1.3424 1.3424
1.3370 1.3076 1.3370 1.3370
1.3329 1.2969 1.3329 1.3329
1.3275 1.2858 1.3275 1.3275
1.3225 1.2744 1.3225 1.3225
1.3169 1.2627 1.3169 1.3169
1.3109 1.2507 1.3109 1.3109
1.3057 1.2383 1.3057 1.3057
1.2991 1.2256 1.2991 1.2991
1.2941 1.2126 1.2941 1.2941
1.2885 1.1993 1.2885 1.2885
1.2825 1.1857 1.2825 1.2825
1.2764 1.1717 1.2764 1.2764
1.2696 1.1574 1.2696 1.2696
1.2639 1.1428 1.2639 1.2639
1.2578 1.1279 1.2578 1.2578
1.2509 1.1127 1.2509 1.2509
1.2450 1.0971 1.2450 1.2450
1.2387 1.0812 1.2387 1.2387
1.2326 1.0650 1.2326 1.2326
1.2247 1.0485 1.2247 1.2247
1.2183 1.0316 1.2183 1.2183
1.2120 1.0144 1.2120 1.2120
1.2049 0.9969 1.2049 1.2049
1.1987 0.9791 1.1987 1.1987
1.1914 0.9610 1.1914 1.1914
1.1839 0.9425 1.1839 1.1839
1.1778 0.9237 1.1778 1.1778
1.1708 0.9046 1.1708 1.1708
1.1637 0.8852 1.1637 1.1637
1.1562 0.8655 1.1562 1.1562
1.1492 0.8454 1.1492 1.1492
1.1420 0.8250 1.1420 1.1420
1.1346 0.8043 1.1346 1.1346
1.1271 0.7833 1.1271 1.1271
1.1198 0.7619 1.1198 1.1198
1.1120 0.7402 1.1120 1.1120
1.1041 0.7182 1.1041 1.1041
1.0981 0.6959 1.0981 1.0981
1.0901 0.6733 1.0901 1.0901
1.0824 0.6503 1.0824 1.0824
1.0743 0.6271 1.0743 1.0743
1.0663 0.6035 1.0663 1.0663
1.0601 0.5795 1.0601 1.0601
1.0521 0.5553 1.0521 1.0521
1.0440 0.5307 1.0440 1.0440
1.0362 0.5058 1.0362 1.0362
1.0279 0.4806 1.0279 1.0279
1.0216 0.4551 1.0216 1.0216
1.0139 0.4292 1.0139 1.0139
1.0048 0.4031 1.0048 1.0048
0.9968 0.3766 0.9968 0.9968
0.9893 0.3498 0.9893 0.9893
0.9822 0.3226 0.9822 0.9822
0.9734 0.2952 0.9734 0.9734
0.9654 0.2674 0.9654 0.9654
0.9572 0.2393 0.9572 0.9572
0.9489 0.2109 0.9489 0.9489
0.9417 0.1821 0.9417 0.9417
0.9334 0.1531 0.9334 0.9334
0.9253 0.1237 0.9253 0.9253
0.9169 0.0940 0.9169 0.9169
0.9084 0.0640 0.9084 0.9084
0.9012 0.0336 0.9012 0.9012
0.8932 0.0029 0.8932 0.8932
0.8848 0.0000 0.8848 0.8848
0.8760 0.0000 0.8760 0.8760
0.8685 0.0000 0.8685 0.8685
0.8607 0.0000 0.8607 0.8607
0.8531 0.0000 0.8531 0.8531
0.8441 0.0000 0.8441 0.8441
0.8355 0.0000 0.8355 0.8355
0.8277 0.0000 0.8277 0.8277
